-22.2295
-25.1775
-29.329
-25.648
-28.3705
-32.729
-35.34
-29.374
-25.043
-25.2825
-22.89
-26.0005
-25.125
-22.716
-19.899
-19.862
-24.8655
-20.724
-27.2225
-25.8965
-26.459
-25.718
-16.842
-22.0605
-32.616
-32.06
-24.9735
-29.097
-27.552
-32.601
-33.348
-35.37
-37.3285
-30.5165
-40.305
-36.5655
-37.4865
-31.9725
-43.8825
-35.0985
-24.0545
-26.1235
-33.5045
-35.455
-29.1175
-36.9825
-30.4725
-25.338
-29.6535
-31.8315
-31.6475
-33.4065
-37.4975
-38.4835
-35.799
-36.8835
-39.611
-33.4115
-37.0385
-35.5545
-26.026
-28.218
-32.172
-21.0875
-22.2165
-26.198
-20.643
-26.338
-26.7335
-34.683
-28.523
-30.866
-24.747
-22.672
-26.5585
-25.0715
-30.6855
-22.826
-31.5045
-20.758
-28.0995
-29.978
-33.691
-36.454
-30.286
-33.26
-33.559
-37.119
-30.626
-34.5495
-33.4905
-35.6565
-28.121
-32.8535
-36.9295
-29.4325
-31.9305
-37.267
-36.585
-32.309
-34.111
