-6.538
-15.84
-17.584
-20.3265
-4.609
-14.815
-6.65
-5.745
-5.79
-11.076
-14.305
-11.822
-8.31
-13.875
-23.547
-18.711
-22.955
-14.586
-22.544
-19.663
-24.677
-7.466
-16.834
-12.4355
-15.487
-20.335
-17.663
-17.239
-15.289
-13.9985
-20.371
-18.404
-19.977
-22.0005
-9.2265
-15.383
-21.981
-17.522
-17.653
-13.195
-12.7265
-16.309
-13.8735
-16.613
-16.933
-7.691
-16.95
-21.114
-17.121
-16.618
-15.278
-20.59
-14.443
-12.266
-5.9515
-19.733
-11.5765
-14.964
-12.384
-7.946
-22.527
-15.701
-14.583
-15.862
-18.0265
-14.1245
-8.491
-21.304
-12.02
-7.828
-18.023
-12.176
-9.9
-11.5985
-10.844
-12.262
-10.874
-6.646
-8.147
-6.916
-1.039
-11.402
-14.899
-12.616
-16.8695
-16.702
-17.026
-17.349
-18.648
-20.779
-17.861
-23.1515
-14.668
-15.136
-18.717
-14.7505
-17.12
-17.9905
-15.451
-11.313
-20.87
