-16.817
-19.27
-15.083
-16.3115
-13.145
-13.8105
-11.781
-9.71
-20.372
-15.565
-12.3865
-16.863
-17.321
-13.136
-16.123
-16.208
-9.978
-10.999
-13.394
-12.579
-12.303
-10.566
-12.2585
-8.6125
-11.414
-10.826
-12.381
-7.897
-7.806
-7.952
0.1635
-1.985
1.085
-3.739
-4.263
2.7305
-0.316
-6.563
-4.463
-5.1005
-9.785
-10.438
-9.019
-8.38
-13.586
-15.029
-3.851
-13.976
-8.023
-6.298
-11.302
-3.913
-0.89
-3.243
-10.007
-8.226
-13.912
-11.642
-10.225
-3.52
-5.772
-0.222
-2.044
-5.3625
-7.32
-6.797
-8.107
-7.857
-13.4515
-15.605
-12.747
-13.219
-7.751
-12.946
-9.474
-4.1735
-8.941
-9.644
-3.809
-8.7805
-11.447
-10.4
-8.7965
-13.8285
-15.0335
-7.096
-5.5335
-7.246
-7.5745
-9.475
-9.749
-4.344
-4.107
-10.5285
-5.4415
-10.924
-8.748
-10.103
-0.286
-4.591
-8.9105
