-25.8355
-18.404
-24.917
-24.208
-25.211
-23.9015
-29.3755
-22.082
-22.4655
-24.8585
-27.463
-32.0345
-24.716
-27.568
-31.603
-34.785
-28.662
-24.828
-21.033
-18.1585
-15.996
-16.301
-13.3435
-18.1585
-18.72
-17.571
-12.329
-19.3545
-14.5175
-14.74
-21.842
-24.856
-17.763
-21.8285
-15.0325
-24.153
-20.55
-18.833
-21.0965
-22.481
-20.763
-18.633
-22.194
-23.473
-34.515
-19.961
-22.8355
-24.278
-28.999
-21.9775
-24.282
-24.3915
-29.451
-31.345
-24.921
-18.7875
-20.674
-21.117
-31.503
-27.551
-32.692
-38.585
-23.6185
-30.5205
-25.9925
-21.8075
-25.3685
-35.0695
-34.9065
-22.4775
-16.5625
-25.0845
-20.8875
-30.238
-17.6485
-27.4605
-21.764
-21.932
-26.4555
-27.7325
-25.8565
-21.8965
-17.267
-20.019
-25.3605
-15.0855
-9.6185
-2.355
-18.1385
-15.806
-15.8825
-14.875
-16.523
-19.804
-29.122
-25.4585
-27.79
-21.794
-27.092
-19.4225
-23.333
