-41.2015
-27.583
-35.645
-15.581
-23.3535
-21.6505
-23.0295
-15.2015
-32.9505
-9.752
-7.795
-23.4345
-33.676
-28.232
-34.1335
-28.512
-29.8995
-23.701
-23.435
-4.12
-25.3265
-32.7715
-17.5895
-30.8255
-32.6465
-18.6475
-11.7615
-6.4615
-25.402
-38.877
-26.2435
-25.056
-34.0335
-21.5415
-40.278
-13.622
-26.7905
-8.6045
-28.3175
-6.3045
-21.421
-15.5245
-27.5285
24.2875
-9.954
-21.5765
12.2305
-24.678
-7.462
-8.8375
-18.356
-14.03
-19.008
-22.1905
-28.936
-20.0675
-10.9605
-11.3895
-12.9145
-28.7135
-12.4185
-35.4745
-12.895
-18.7415
-26.755
-24.3195
-35.54
-9.2205
-23.653
-14.7665
-10.334
-4.1015
-10.0945
-1.188
-19.943
-14.952
-22.867
-18.3375
-13.1275
-28.848
-15.841
-12.9915
-21.649
-28.701
-19.7895
-16.207
-22.9245
-15.3565
-4.2615
-14.7505
-31.1105
-24.9865
-20.007
-20.4625
-15.166
-20.1025
-20.641
-33.405
-15.8025
-23.6745
-23.1425
