-21.562
-16.5915
-11.458
-11.4125
-7.25
-10.995
-4.6935
-3.075
5.8235
-2.037
-10.478
-3.0955
-1.4
-3.321
-7.278
-7.4525
-2.973
56.446
-7.6205
-8.723
4.507
6.4085
-6.285
-10.39
12.697
-9.7465
-14.917
-6.153
-8.034
-12.119
-14.841
-22.535
-30.51
-19.3865
-21.3285
-18.852
-18.999
-13.848
-16.7425
-21.261
-22.627
-14.5385
-19.52
-24.6655
-19.927
-19.6355
-16.68
-20.001
-23.4915
-25.221
-17.378
-21.422
-18.295
-20.727
-23.401
-13.172
-17.469
-20.6325
-17.7675
-17.478
-19.073
-25.169
-27.5395
-20.621
-19.722
-18.6415
-24.278
-25.1255
-17.1385
-30.3425
-23.2405
-21.079
-28.317
-21.725
-21.8295
-22.536
-24.2875
-18.569
-24.891
-23.1765
-27.89
-28.199
-20.8575
-32.14
-32.9565
-35.369
-25.403
-22.6205
-28.7395
-29.3135
-28.1175
-29.9995
-33.3215
-24.94
-37.9095
-22.9975
-35.2635
-21.3295
-27.117
-39.534
4.4795
