-23.995
-19.5905
-21.5195
-24.185
-30.397
-28.4235
-29.2885
-30.29
-25.0195
-22.8065
-19.822
-18.791
-12.6
-18.559
-12.176
-9.478
-9.542
-14.699
-8.711
-12.499
-13.184
-20.446
-17.72
-16.544
-14.9605
-15.5905
-4.2455
-10.8795
-6.359
-10.2185
-5.09
-8.502
-1.041
-9.148
-14.581
-13.532
-10.5715
-11.5815
-15.97
-11.6785
-16.234
-20.4915
-20.1745
-20.361
-20.687
-27.596
-26.365
-29.4795
-27.231
-13.498
-27.275
-29.7885
-33.385
-26.1365
-36.896
-32.6855
-28.058
-28.1325
-27.163
-27.1965
-29.319
-17.8345
-18.562
-27.4805
-26.2305
-34.694
-21.8425
-25.8145
-18.819
-22.566
-15.3265
-15.7445
-15.756
-5.5915
-10.844
-11.7075
-11.977
-6.9065
-19.34
-16.4715
-14.9255
-7.045
-3.532
-9.298
-7.545
-12.3195
-15.4715
-23.6485
-27.156
-20.927
-22.86
-20.9665
-10.878
-24.1155
-15.635
-13.692
-17.004
-13.292
-18.938
-10.338
-10.2885
