-5.0705
-4.794
-4.469
-4.1
-4.4425
-6.01
-8.789
-8.176
-6.913
-8.347
-5.628
-6.5135
-5.602
-5.749
-4.857
-4.418
-4.061
-6.015
-5.32
-3.804
-4.4445
-3.439
-3.934
-3.446
-3.943
-3.102
-5.536
-4.901
-5.867
-5.683
-3.714
-3.891
-4.033
-3.718
-2.798
-3.7755
-4.127
-4.587
-4.982
-5.589
-6.021
-4.111
-4.814
-3.705
-3.552
-2.568
-2.841
-2.799
-4.753
-4.309
-5.444
-4.227
-3.202
-4.709
-5.217
-4.583
-5.186
-4.147
-4.396
-6.093
-5.947
-2.8935
-2.682
-2.858
-3.221
-4.739
-4.273
-2.872
-3.243
-2.926
-3.481
-3.819
-4.827
-5.345
-4.828
-5.066
-4.459
-4.895
-2.463
-3.539
-4.1755
-5.46
-5.197
-4.96
-3.984
-4.136
-4.759
-4.987
-4.385
-3.683
-3.192
-2.569
-3.219
-2.352
-2.5375
-3.098
-2.943
-3.97
-3.6985
-3.471
-3.247
