-23.9425
-12.768
-20.1375
-31.159
-23.5595
-13.538
-18.273
-23.9625
-24.051
-26.649
-31.4555
-16.925
-19.462
-16.2135
-21.847
-21.0355
-25.725
-19.3335
-32.237
-25.5685
-21.126
-11.3095
-12.5055
-20.808
-13.9245
-22.606
-21.506
-16.618
-18.125
-18.6355
-11.1135
-17.3065
-17.9565
-30.1845
-23.908
-28.165
-22.0555
-33.114
-17.319
-28.8875
-27.834
-26.8725
-24.233
-22.541
-25.383
-25.27
-24.155
7.166
-29.539
-23.018
-2.166
-35.33
-25.577
-18.032
-4.9685
-29.3235
-32.591
3.5725
-23.9245
-5.757
-10.2485
-4.441
-21.447
4.697
-10.6155
3.108
-25.3015
8.7165
3.5245
-4.4745
-17.1765
-25.793
-25.791
17.078
-33.384
-19.35
-27.1695
-31.05
-30.614
16.12
21.615
-20.05
-14.337
-7.746
2.7865
-21.594
39.782
7.813
-23.698
-20.483
4.0155
-9.2175
-16.4175
-9.646
-26.1325
-21.627
11.299
-22.484
-27.34
-28.271
-12.654
