-25.4515
-19.8805
-19.5705
-23.0875
-16.3995
-13.092
-22.5245
-21.233
-7.2545
-18.4935
-20.8615
-25.4415
-26.6355
-27.977
-13.309
-14.6335
-25.844
-27.2415
-15.6235
-23.485
-15.392
-11.2505
-19.1625
-24.22
-35.3105
-28.522
-28.4855
-35.1725
-25.7045
-23.994
-16.2925
-14.506
-21.7025
-22.9855
-19.354
-26.273
-25.259
-39.467
-40.226
-26.232
-30.1715
-23.907
-33.418
-29.993
-19.7465
-31.122
-36.6485
-36.8935
-36.095
-24.14
-27.082
-25.3535
-17.0195
-10.862
-22.1945
-29.1265
-31.0975
-30.0935
-32.0045
-24.505
-35.521
-33.157
-29.196
-18.231
-22.6
-17.277
-22.6655
-23.947
-25.581
-21.303
-22.9025
-14.7795
-22.862
-18.0505
-22.9265
-26.382
-23.8335
-25.5775
-32.351
-30.8205
-28.583
-26.673
-30.539
-26.629
-26.581
-34.366
-27.542
-28.2145
-31.332
-23.616
-28.4975
-37.349
-21.3635
-35.9275
-31.9095
-25.568
-34.0875
-29.3675
-37.883
-33.158
-35.344
