-14.2915
-23.813
-25.088
-10.97
-20.902
-5.617
-27.827
-12.8785
10.5295
-3.3915
-19.773
-10.7305
-21.5145
-22.3925
-19.118
-18.9265
-30.617
-25.1445
-27.3505
-32.259
-26.8175
-23.274
-31.5905
-21.5875
-16.7005
-17.905
-24.2915
-15.5055
-10.628
-13.109
-10.628
-10.3635
-6.522
-13.345
-25.2785
-12.8725
-4.9445
-7.6615
-14.6395
-18.1205
-11.1595
-11.9305
-14.4085
-10.843
-14.0465
-17.56
-12.3645
-0.7345
-16.2095
-21.766
-7.482
-14.8285
-10.281
-13.953
-11.9055
-5.4345
-4.2785
-16.5195
-8.781
-2.816
-6.8275
-10.7785
-15.272
-1.183
-6.7605
1.358
-4.837
-1.9975
-10.098
-15.8295
-12.648
-17.3855
-21.428
-23.094
-24.582
-13.8275
-19.5295
-24.075
-26.038
-13.929
-14.3955
-12.332
-9.5135
-4.9195
-25.0675
-25.581
-9.874
-14.471
-8.3025
-17.6285
-31.5525
-17.424
-19.489
-20.0395
-21.7165
-21.029
-23.8075
-11.6395
-15.774
-8.7205
-10.616
