-11.861
-13.6385
-19.16
-26.0075
-11.2245
-14.5015
-21.055
-18.2605
-21.2065
-16.778
-13.9855
-29.5965
-17.2475
-15.363
-12.307
-20.8385
-13.492
-19.12
-8.291
-14.642
-14.568
-22.7215
-14.5335
-18.5455
-19.9165
-19.1195
-20.5635
-29.9825
-30.5945
-20.8625
-20.8105
-21.888
-15.8015
-25.8135
-13.965
-18.1065
-16.7255
-32.3675
-35.577
-24.9165
-25.18
-30.7755
-26.234
-35.922
-34.0105
-25.989
-27.8365
-30.622
-21.6485
-33.538
-23.4785
-21.2095
-31.5505
-24.3945
-27.425
-26.49
-21.296
-33.3245
-22.6835
-21.8495
-28.8905
-27.5645
-23.6575
-14.5795
-18.174
-28.2555
-21.8215
-7.7225
-16.2795
-21.9945
-28.9055
-26.8545
-22.1785
-30.1785
-40.359
-34.5755
-39.39
-22.4725
-33.553
-22.6915
-19.9735
-21.147
-28.137
-24.4025
-26.067
-31.4265
-14.499
-18.1095
-23.461
-18.2295
-20.7265
-18.303
-24.2265
-22.1605
-23.496
-4.8045
-10.8
-10.7155
-11.1975
-3.153
-10.9925
