    -4.78111                0
    -4.58597                0
    -4.39082                0
    -4.19567                0
    -4.00052                0
    -3.80538      2.28908e-06
    -3.61023      0.000428616
    -3.41508       0.00770903
    -3.21993          0.14067
    -3.02479          1.79587
    -2.82964          13.8479
    -2.63449          71.0951
    -2.43934          246.747
     -2.2442          557.644
    -2.04905          848.611
     -1.8539          998.453
    -1.65875          1031.18
    -1.46361          987.314
    -1.26846          919.058
    -1.07331          883.573
   -0.878164          871.311
   -0.683016          856.948
   -0.487869          825.669
   -0.292721          762.485
  -0.0975737          685.555
   0.0975737          687.301
    0.292721          764.272
    0.487869          825.143
    0.683016          857.654
    0.878164           872.12
     1.07331          882.483
     1.26846          918.395
     1.46361           994.22
     1.65875          1043.69
      1.8539          1001.29
     2.04905          855.449
      2.2442          557.973
     2.43934          237.194
     2.63449          62.8517
     2.82964          10.9707
     3.02479          1.26717
     3.21993         0.102362
     3.41508       0.00642293
     3.61023      2.29444e-05
     3.80538                0
     4.00052                0
     4.19567                0
     4.39082                0
     4.58597                0
     4.78111                0
