-11.0675
-12.9335
-15.5995
-8.089
-19.6115
-20.4385
-21.9145
-17.267
-19.6535
-16.212
-22.5645
-20.6865
-18.696
-21.4225
-15.519
-17.47
-18.925
-20.7565
-18.3005
-26.0835
-28.729
-15.9535
-17.871
-13.8325
-6.0715
-25.661
-15.3975
-14.4065
-26.0175
-20.919
-15.168
-22.8355
-29.1415
-11.4025
-17.333
-28.037
-24.0835
-25.648
-18.289
-18.0565
-28.44
-21.2365
-23.255
-19.135
-20.929
-24.1435
-18.2235
-24.7705
-20.5765
-20.43
-9.1285
-16.6685
-24.6075
-27.418
-19.0575
-21.0885
-28.837
-21.474
-25.939
-19.04
-22.9685
-25.302
-30.449
-21.5695
-16.211
-26.6615
-18.914
-15.9825
-19.2955
-20.7865
-15.4805
-21.466
-12.5055
-27.1325
-18.3745
-31.1005
-24.96
-27.391
-25.3275
-23.279
-19.018
-27.382
-28.1595
-19.6795
-20.618
-16.8475
-20.916
-15.3255
-24.211
-21.277
-23.178
-31.8705
-33.7835
-25.586
-27.701
-26.3745
-26.0775
-17.361
-25.134
-26.3765
-20.248
