-30.437
-23.792
-18.4065
-32.224
-26.678
-23.152
-22.5195
-8.02
-12.6425
-5.77
-8.4555
-5.546
-3.7065
-11.614
-3.504
-3.772
-4.222
-1.849
-13.862
-11.56
-7.72
-13.244
-6.035
-8.399
-6.104
-7.5605
-17.6295
-5.432
-3.164
-1.058
-2.959
-7.854
-16.004
-11.1995
-10.1965
-14.505
-9.585
-6.543
-18.694
-13.494
-11.138
-13.489
-10.438
-15.076
-9.17
-12.451
-22.016
-4.545
-4.85
-11.696
-9.4785
-5.7025
-6.209
-14.023
-5.0625
-9.7315
-13.5455
-15.8515
-9.615
-15.0315
-21.231
-11.8065
-14.122
-16.924
-13.798
-9.2745
-12.462
-16.198
-2.174
-9.071
-9.709
-11.1955
-17.113
-12.7655
-17.7365
-12.2635
-20.7
-12.9225
-11.568
-7.6785
-9.192
-7.6675
-10.39
-3.872
0.3275
-7.027
-6.141
-3.3
-20.5395
-13.685
-15.462
-8.718
-10.7525
-9.703
-10.1585
-6.759
-7.251
-6.22
-1.266
-1.169
0.4105
