-12.386
-6.09
-12.103
-5.892
-3.5305
-5.501
-4.115
-5.222
-13.669
-8.077
-8.159
-3.431
-4.358
-16.7405
-5.541
-5.2125
-16.2535
-9.1985
-6.605
-15.6105
-12.6925
-2.608
-1.7105
-1.375
-24.495
-19.1455
-12.556
-4.0685
-8.923
-20.7695
-30.349
-9.2375
0.9275
-12.476
-12.635
-10.588
0.152
-20.2125
-16.128
-15.263
-13.66
-15.63
-15.048
-10.729
-12.027
-12.081
-6.887
-10.3025
-9.0255
-17.833
-12.472
-6.5375
-1.376
2.887
-15.06
-12.585
-15.2915
-28.346
-11.219
-10.7205
-17.718
-7.212
-6.822
-14.345
-10.1485
-1.322
1.7985
-2.7435
-7.9375
-1.062
-7.1195
-3.2745
-9.61
-0.1685
-0.4815
5.8545
-2.566
-13.2215
-2.854
-10.0915
-12.4095
-8.8065
-9.207
-15.675
-3.2915
-14.0685
-16.0665
-10.559
-8.2085
-8.558
-8.702
-10.5105
-1.4495
0.121
1.5985
8.454
-3.0795
-12.5305
-18.0225
-10.695
-10.163
