-19.312
-24.941
-19.116
-10.858
-11.036
-17.107
-10.22
-16.502
-5.393
-3.7885
-19.695
-20.257
-17.7095
-10.06
-14.472
-19.455
-12.2855
-16.817
-16.862
-19.092
-9.343
-18.315
-15.29
-13.891
-10.135
-7.817
-2.698
-15.423
-7.792
-18.9235
-13.844
-18.3005
-11.446
-8.187
-9.955
-10.294
-16.4195
-14.378
-20.363
-15.9295
-17.4565
-15.8395
-8.5915
-14.165
-11.5105
-7.592
-9.7365
-9.106
-16.389
-15.7895
-22.7695
-24.7395
-12.4425
-19.404
-17.0275
-7.3715
-1.155
-8.487
-15.8385
-6.389
-9.532
-9.636
-12.647
-9.589
-9.146
-8.019
-8.444
-4.3405
-5.443
1.876
-16.764
-18.961
-14.487
-14.3695
-15.548
-10.0205
-14.9715
-15.131
-19.911
-18.159
-29.167
-10.634
-5.873
-6.9
-4.94
-13.1755
-17.949
-16.633
-14.535
-15.792
-17.0975
-5.772
-13.383
-12.261
-6.807
-15.8835
-8.963
-14.7385
-11.649
-10.138
-12.5465
