-12.262
-16.664
-18.984
-14.971
-13.5105
-22.858
-6.508
-9.862
-11.8895
-8.518
-21.102
-15.6205
-23.9695
-10.8255
-17.8485
-6.299
-9.014
-19.676
-19.7935
-21.9305
-23.6135
-17.157
-21.637
-14.9945
-23.142
-20.119
-10.4655
-19.0605
-14.696
-18.1195
-10.3815
-0.396
-8.548
-11.6565
-16.945
-7.643
-6.8185
-5.035
-14.038
-10.5195
-3.1095
-18.3025
-21.2855
-25.2025
-24.6315
-23.505
-22.9805
-18.7315
-24.236
-17.2815
-25.812
-27.9845
-19.8775
-32.917
-33.0715
-26.0825
-18.7085
-21.5665
-13.8985
-5.1755
-10.733
-7.0385
-17.22
-24.762
-15.3215
-26.9865
-16.1805
-11.2835
-23.905
-23.3575
-5.502
-10.8325
-17.7625
-23.29
-16.0715
-24.3195
-24.77
-17.2495
-15.3115
-22.6185
-21.158
-13.7715
-11.367
-16.1925
-3.613
-15.1555
-15.402
-16.7885
-14.8495
-10.7995
-12.6445
-3.0735
-15.6425
-20.0545
-10.486
-17.9275
-25.533
-11.167
-9.935
-17.9
-13.9245
