-13.704
-9.579
-22.107
-19.291
-7.966
-13.88
-16.5955
-13.0845
-0.296
-13.651
-12.5815
0.2475
-16.477
-20.151
-14.341
-13.6715
-6.674
-20.396
-4.5955
-16.0825
-19.3205
-9.8235
-14.256
-15.0255
-2.0395
-13.0915
-5.168
-10.706
-10.867
-22.6275
-19.425
-19.521
-23.483
-26.372
-20.5965
-9.8215
-15.3535
-20.1005
-9.7335
-5.2495
-6.18
-1.3245
-15.768
-21.869
-26.848
-14.1555
-6.9095
-2.253
-11.3285
-15.237
-9.7585
-0.7
-14.6875
-5.748
-11.04
-12.59
-18.299
-13.012
2.448
-4.7235
-12.202
-0.273
-4.0185
-1.463
4.9215
-3.09
-11.857
-4.9005
-8.7085
0.376
-4.827
-7.255
-7.4995
-3.8015
2.2145
-11.7645
-5.469
-8.4165
-5.3745
-5.7165
3.413
1.164
-9.094
-6.028
1.3435
-0.297
-1.8825
0.6845
3.234
6.5405
4.916
10.776
10.568
1.02
-1.769
-13.0975
-0.294
-6.5735
3.407
5.519
-0.246
