-11.6825
-13.5965
-18.5975
-9.0395
-12.6225
-9.9735
-12.641
-19.447
-6.637
-5.4715
-10.7965
-9.3175
-17.574
-4.329
-2.122
-5.239
-3.782
-6.042
-14.53
-12.1165
-9.2215
-11.4505
-10.321
-9.3995
-9.075
-7.051
0.104
2.0965
-2.5115
-11.438
-13.9115
-12.6675
-6.487
-19.6875
-9.168
-12.522
-9.051
-13.055
-14.8565
-14.9835
-17.746
-16.778
-2.45
-3.654
-9.218
-8.835
-12.74
-17.448
-13.829
-9.017
-15.236
-7.263
-14.5915
-9.91
-7.892
-11.124
-9.669
-9.451
-5.556
-14.2915
-6.1235
-7.6585
-9.531
-2.977
-14.549
-10.94
-14.4655
-10.5705
-12.313
-16.8995
-20.1275
-15.1425
-21.932
-26.598
-20.0505
-14.574
-22.5005
-23.0225
-18.819
-19.958
-14.701
-13.118
-12.415
-14.351
-12.8185
-19.154
-10.25
-17.3295
-15.023
-19.142
-10.911
-17.5745
-11.8815
-13.1895
-10.7435
-8.8295
-7.8005
-25.807
-19.4965
-14.685
-18.614
