-7.643
-4.254
-6.598
-6.901
-6.6
-10.499
-8.408
-15.373
-8.165
-12.196
-10.474
-3.902
-4.479
-8.632
-13.249
-7.877
-16.201
-12.606
-9.815
-6.6465
-10.31
-11.64
-6.344
-10.615
-11.397
-8.3715
-17.241
-21.209
-11.953
-18.7375
-18.342
-22.818
-22.0765
-17.709
-21.819
-21.25
-22.6275
-18.38
-12.933
-13.213
-18.042
-20.126
-17.692
-13.067
-17.045
-14.362
-25.653
-20.212
-17.83
-17.141
-10.558
-17.571
-14.345
-15.075
-13.043
-9.532
-9.992
-10.219
-11.586
-14.418
-13.642
-12.261
-18.76
-17.04
-16.948
-12.751
-14.578
-17.079
-23.665
-27.718
-22.6575
-20.3605
-17.227
-20.234
-13.104
-7.6925
-13.482
-10.923
-12.618
-11.895
-17.992
-16.199
-23.264
-14.922
-20.678
-10.348
-11.472
-13.6645
-15.112
-10.535
-16.318
-17.7585
-19.649
-5.491
-12.555
-10.862
-7.644
-11.707
-8.864
-12.293
-2.173
