-8.184
-19.344
-15.149
-14.9115
-15.249
-24.04
-18.832
-15.314
-18.642
-11.6425
-6.7855
-10.691
-16.7325
-12.78
-16.976
-16.2645
-18.387
-16.87
-20.152
-16.563
-22.9645
-17.039
-22.8375
-18.376
-20.794
-24.378
-16.401
-26.5285
-18.3395
-21.229
-15.993
-25.2095
-22.0015
-20.1435
-19.637
-23.497
-24.839
-17.899
-21.287
-26.0335
-24.1765
-24.535
-24.372
-23.3595
-15.123
-18.305
-17.308
-19.1475
-20.3405
-20.1045
-9.2935
-23.1755
-31.3175
-26.9075
-17.252
-18.0055
-12.967
-28.8895
-25.911
-23.9155
-22.4475
-22.7665
-23.7885
-13.4465
-15.4205
-17.6435
-17.1145
-14.3295
-18.392
-20.4885
-17.549
-17.5535
-22.8455
-22.816
-26.166
-25.173
-18.3675
-20.267
1.401
-18.2725
-19.8095
-11.352
-14.272
-21.5805
-16.398
-10.557
-15.598
-7.18
-11.8825
-8.1195
-8.656
-16.692
-17.495
-25.3985
-19.045
-21.933
-18.3405
-24.9935
-13.7435
-15.1375
-27.445
