-12.11
-17.826
-17.628
-13.5855
-18.034
-12.323
-17.1865
-17.9305
-21.0605
-18.295
-6.8675
-9.0665
-11.8305
-20.7645
-14.771
-12.1215
-18.0315
-0.423
-23.4015
-16.01
-13.7
-9.698
-11.6835
-10.1715
-13.379
-17.8845
-13.001
-17.3475
-8.701
-20.0375
-15.827
-19.159
-21.9875
-24.189
-20.094
-20.5455
-22.2765
-26.3415
-16.7975
-15.859
-6.116
-15.8725
-6.5125
-13.514
-12.217
-8.614
-9.382
-5.78
-10.373
-8.519
-16.102
-13.218
-12.749
-23.862
-9.6185
-10.3085
-12.194
-8.916
-12.9825
-16.536
-17.8175
-15.2855
-9.1455
-15.942
-23.85
-22.51
-23.699
-25.057
-17.605
-17.4665
-20.7295
-21.764
-21.644
-16.2905
-12.365
-10.426
-12.854
-30.226
-20.644
-28.1755
-24.8715
-22.379
-15.526
-19.003
-19.435
-17.1635
-20.128
-23.774
-28.0325
-27.4525
-24.505
-28.283
-23.233
-26.7605
-22.8
-21.5045
-30.828
-29.876
-27.2075
-37.4175
-29.559
