-10.78
-8.926
-9.6135
-8.5075
-10.874
-1.119
-9.124
-2.4525
-8.587
-7.7885
-17.2765
-11.464
-15.149
-18.607
-15.8365
-12.251
-22.606
-16.035
-22.341
-17.0045
-15.118
-14.837
-3.5485
3.496
-0.307
-7.738
-6.809
-9.093
-6.79
-6.64
-11.202
-13.056
-15.886
-16.733
-10.853
-15.2625
-9.478
-11.813
-8.193
-9.9025
-17.427
-13.6925
-8.0245
-9.514
-7.324
-17.1605
-12.782
-15.9525
-19.0115
-15.3225
-20.2845
-11.7255
-26.873
-17.3805
-17.202
-21.6315
-24.3315
-13.281
-17.402
-23.212
-24.6995
-13.667
-10.1795
-6.073
-11.24
-6.6275
-11.743
-19.436
-24.61
-23.974
-23.6105
-20.504
-22.753
-21.1245
-23.593
-29.6035
-23.108
-23.6325
-21.708
-14.938
-22.2425
-16.474
-15.791
-22.6145
-25.8655
-23.934
-6.709
-25.444
-19.9085
-14.333
-21.665
-20.6945
-5.536
-18.306
-17.505
-13.847
-8.027
-7.853
-7.308
-20.868
-16.453
