-11.459
-16.429
-13.712
-14.8175
-20.329
-19.003
-14.1935
-22.373
-16.8025
-18.632
-21.785
-14.873
-15.543
-7.1455
-8.927
-18.1335
-10.952
-18.9485
-13.519
1.635
-18.1175
-15.643
-12.799
-23.277
-18.026
-19.077
-17.532
-11.375
-11.4455
-14.5735
-4.885
-12.49
-11.725
-10.6605
-7.197
-7.1935
-14.123
-10.743
-12.135
-9.1925
1.073
0.205
-5.218
-6.672
-10.0885
-13.257
-6.04
-9.177
-12.198
-16.546
-13.887
-8.413
-8.403
-8.438
-7.672
-7.244
-14.0775
-13.142
-11.252
-10.2555
-12.121
-9.21
-12.38
-16.038
-21.969
-14.368
-12.33
-16.963
-12.788
-15.471
-19.505
-25.529
-14.022
-18.2435
-13.8855
-15.7085
-13.9275
-21.646
-15.9085
-18.893
-14.8935
-18.3385
-14.3875
-14.762
-19.234
-22.857
-15.46
-18.7605
-18.015
-24.292
-22.4605
-21.258
-16.016
-19.342
-20.958
-13.025
-14.9645
-11.35
-18.5175
-24.133
-24.1975
