-6.634
-21.334
-12.173
-22.145
-4.908
-6.278
0.6305
-5.968
-6.71
3.999
-14.7555
-15.305
-8.8475
-3.274
-7.7145
-7.1245
-19.145
-10.44
-24.293
-23.364
-16.391
-9.771
-20.9635
-23.367
-13.32
-10.556
-9.2325
-11.438
-15.428
-8.8505
-11.1645
-10.229
-2.3585
-3.764
-2.496
4.244
-8.17
-7.62
-9.195
-7.676
-5.641
-5.756
-11.046
-8.64
-3.487
-13.452
-4.693
-14.132
-13.372
-3.566
-3.216
-16.469
-17.263
-8.248
-4.8275
-12.517
-25.409
-18.0935
-20.2105
-15.655
-9.621
-11.606
-18.909
-8.5885
-22.0655
-15.434
-15.7385
-27.903
-12.476
-9.7145
-22.974
-12.882
-12.8535
-25.134
-14.269
-10.529
-9.613
-6.476
-16.4885
-18.6
-17.152
-14.72
-7.8265
-18.78
-18.522
-6.787
-18.581
-9.604
-20.228
-16.033
-19.169
-13.2615
-13.752
-21.624
-17.521
-18.8365
-13.1915
-16.551
-22.321
-18.788
-20.672
