-31.2355
-29.5375
-33.9985
-26.007
-29.0135
-25.4515
-20.9865
-18.8135
-17.412
-17.627
-16.7695
-14.8965
-16.676
-14.91
-26.0765
-20.817
-23.0525
-29.187
-25.9785
-29.3055
-30.9705
-26.2485
-22.6425
-29.031
-25.203
-17.93
-15.072
-21.785
-20.006
-29.277
-29.379
-24.641
-28.3435
-30.142
-25.4655
-22.371
-18.68
-14.691
-24.781
-17.858
-16.1015
-18.841
-13.379
-24.921
-28.2955
-19.2815
-25.1985
-22.9015
-21.006
-26.6415
-21.9965
-30.7225
-21.852
-12.719
-16.497
-21.319
-17.4825
-21.1405
-10.5045
-15.5295
-22.106
-15.2935
-15.061
-22.5245
-17.3165
-16.21
-16.853
-14.563
-6.553
-20.5535
-15.648
-26.2725
-21.933
-15.2735
-11.841
-12.323
-12.2335
-17.144
-20.308
-29.5495
-25.5235
-32.36
-29.2615
-19.9335
-12.719
-18.283
-31.172
-24.958
-28.907
-22.4825
-25.75
-1.1175
-17.357
-17.616
-12.961
-20.386
-8.3905
-11.512
-18.44
-15.1325
-9.513
