-21.353
-14.4985
-22.324
-25.854
-18.748
-20.2745
-20.0755
-21.7645
-13.496
-14.133
-15.5065
-14.7105
-9.473
-8.567
-14.892
-21.972
-4.551
-20.723
-20.513
-19.7095
-28.968
-23.669
-28.3335
-23.057
-20.964
-20.158
-16.9235
-14.793
-16.342
-22.851
-15.402
-12.85
-17.692
-25.053
-20.251
-17.1815
-18.0095
-23.358
-21.433
-21.278
-20.251
-23.9835
-28.538
-26.87
-15.031
-18.034
-18.666
-17.421
-20.3475
-20.003
-19.2395
-20.893
-27.1665
-30.92
-24.177
-11.387
-12.013
-18.364
-3.765
-4.884
4.165
-9.055
-11.5325
-9.892
-17.047
-14.057
-20.968
-24.213
-16.1145
-22.094
-27.5355
-23.521
-29.578
-28.519
-22.149
-16.595
-21.2935
-10.42
-18.774
-19.7755
-18.3645
-31.6725
-19.239
-31.8385
-31.7855
-21.2055
-24.8685
-24.337
-20.38
-19.504
-26.156
-24.091
-31.2815
-21.2685
-19.012
-23.931
-17.8875
-19.7985
-21.1425
-20.1585
-24.7745
