-15.738
-7.615
-15.582
-17.946
-10.494
-14.548
-8.8155
-16.167
-6.0595
-9.3405
1.0645
-4.617
-16.227
-15.453
-7.6905
-12.4845
-5.81
-5.017
-7.341
-6.67
-3.2975
-0.2235
1.919
1.3395
-5.7845
-8.3555
-21.0795
-9.986
-7.979
-7.833
-15.2735
-13.9525
-25.165
-9.627
-8.616
-9.74
-16.178
-21.8555
-21.492
-14.172
-17.9325
-24.1615
-16.1155
-16.6785
-8.228
0.56
-10.088
-14.363
-16.603
-8.65
-18.295
-21.1785
-11.629
-15.864
-3.465
4.6905
-6.872
-9.171
-18.131
-10.624
-13.178
-15.0825
-11.9445
-20.728
-21.2035
-22.2915
-23.973
-24.444
-18.958
-15.4675
-24.921
-22.655
-19.1145
-22.2025
-24.549
-18.91
-13.603
-14.931
-16.1425
-24.414
-8.3855
-6.777
-18.827
-18.769
-15.904
-3.6485
-8.0135
-18.782
-12.5265
-17.145
-14.467
-12.93
-21.1815
-14.357
-7.8925
-11.925
-17.084
-18.902
-27.442
-10.1465
-12.1665
