    -4.75983                0
    -4.56555                0
    -4.37127                0
    -4.17699                0
    -3.98271                0
    -3.78843                0
    -3.59415      0.000706436
    -3.39988        0.0145334
     -3.2056         0.221177
    -3.01132          2.38511
    -2.81704          16.9078
    -2.62276          80.0074
    -2.42848          255.614
     -2.2342           548.87
    -2.03993          828.072
    -1.84565          980.568
    -1.65137          1017.74
    -1.45709          983.464
    -1.26281          923.479
    -1.06853          886.024
   -0.874254           871.67
   -0.679975          854.944
   -0.485696          822.878
   -0.291418          762.188
  -0.0971393          694.093
   0.0971393          694.523
    0.291418          762.633
    0.485696          823.338
    0.679975          856.144
    0.874254          873.957
     1.06853          887.859
     1.26281          926.864
     1.45709          990.351
     1.65137           1025.1
     1.84565          975.392
     2.03993          819.147
      2.2342          543.627
     2.42848          254.759
     2.62276          81.1123
     2.81704          17.6045
     3.01132          2.54712
      3.2056         0.268563
     3.39988        0.0184691
     3.59415      0.000644193
     3.78843      3.65562e-05
     3.98271                0
     4.17699                0
     4.37127                0
     4.56555                0
     4.75983                0
