
-0.9642    -0.9931    -1.2790    8.0905     -1.1164    -0.6144    -0.4138    -0.7687    -0.5018    -0.4683    8.8579     -0.4700    -0.4390    -0.4632    -0.5405    
0.1182     -0.8357    -0.5261    4.5861     -0.6325    -0.4068    -0.5308    -0.3734    -0.3269    -0.4498    15.2584    -0.3279    -0.1813    -0.1383    -0.3585    
2.1535     -1.2572    -1.1092    3.1156     -1.0446    -0.6429    -0.2807    -0.3714    -0.4346    -0.3080    3.2013     -0.4171    -0.6275    -0.2779    -0.4660    
-1.4043    -0.9644    -1.2131    0.1846     -1.0558    -0.6603    -0.5056    -0.5741    -0.4445    -0.2187    17.5700    -0.2800    2.5843     -0.4260    -0.3268    
-0.8557    0.7040     -0.8126    13.3468    -0.3536    -0.5038    -0.9119    -0.4024    -0.4298    -0.5015    18.2664    -0.4690    -0.5834    -0.2054    -0.5437    
-1.5736    -1.4032    -0.8330    -0.5300    -0.6919    -0.5642    -0.8211    -0.0832    -0.4843    -0.9115    7.5662     -0.5550    0.2371     -0.2395    -0.4728    
-1.9030    -1.6160    -0.9370    3.6168     -0.6835    -0.6218    -0.7221    -0.3740    -0.4692    -0.5736    10.3440    -0.6255    -0.7409    -0.4911    -0.6269    
-0.9542    -1.8159    -1.5470    -0.8920    0.4840     -0.2898    0.1018     -0.2733    -0.2331    -0.1877    13.3526    -0.3970    0.9637     -0.2248    -0.4791    
-1.4220    -1.2763    -1.3560    -0.5230    -0.3070    -0.5585    -0.3748    -0.2416    -0.3749    -0.3003    0.7793     -0.4830    0.1321     -0.3554    -0.5299    
-1.1836    -1.4175    -1.0570    -0.7370    -0.4260    -0.3790    -0.7589    -0.5689    -0.5662    -0.6563    9.4912     -0.6248    0.0445     -0.3805    -0.4340    
-1.2546    -1.1989    -1.6860    -0.7660    -0.3542    -0.2650    -0.7500    -0.3229    -0.3598    -0.5600    16.6393    -0.3350    -0.4506    0.0031     -0.2225    
-1.0710    0.1156     -1.5550    -0.6030    -0.2799    -0.2052    -0.5382    -0.4148    -0.2029    -0.3833    19.7873    -0.2306    -0.3417    -0.0417    -0.2560    
0.1433     -0.1984    -0.3437    -0.4814    -0.4828    -0.6138    -1.1517    -0.3073    -0.7809    -1.4558    -0.0889    -1.6840    -1.6163    -0.7990    -0.7190    
-0.0071    -0.1901    -0.4270    2.2995     -0.4717    -0.5402    -0.2839    -0.3340    -0.6252    -1.2074    13.8756    -1.3750    -0.5042    -0.5606    -0.5626    
-0.4232    -0.8484    -0.4690    -1.0228    -0.6474    -0.8190    -1.6472    -0.4722    -0.8985    -2.0187    20.7678    -1.4460    -1.1266    -0.7155    -0.5023    
-0.3748    -0.5950    -0.1590    2.4288     -0.2039    -0.6958    -0.1475    -0.3737    -0.8087    -1.9441    11.2273    -1.5870    -2.3350    -0.5120    -1.0646    
0.1825     0.7907     -0.3836    5.4759     -0.4004    -0.8040    -0.6735    -0.3327    -0.7679    -1.8220    20.8592    -1.1710    1.3605     -0.5190    -0.3643    
-0.2904    -0.1740    -0.5848    0.9939     -0.5063    -1.3128    -1.2744    -0.3358    -1.1053    -2.2695    0.3153     -1.6740    -2.2352    -0.8966    -0.5399    
-0.0685    -0.3280    -0.2854    0.7343     -0.3998    -1.0568    0.7427     -0.2800    -0.9875    -2.0801    2.3622     -1.8330    -1.7934    -0.7800    -1.2325    
0.1073     0.0989     -0.3410    1.0100     -0.3140    -0.9998    -1.8334    -0.2754    -0.9069    -2.0973    22.2817    -2.0630    -3.2988    -0.8570    -1.9611    
-0.7086    -1.0454    -0.8560    4.4481     -0.8031    -0.9878    -1.9265    -0.5619    -1.1991    -2.2894    17.8761    -1.4903    2.7063     -0.7670    -1.1709    
-0.4005    0.1867     -0.6940    5.3147     -0.1572    -0.9254    -1.8893    0.2119     -0.8507    -2.6972    6.9464     -1.9150    -2.6802    -0.8310    -2.3861    
1.2825     3.6566     -0.1919    9.4910     -0.4225    -0.8935    -1.2468    -0.2803    -0.8803    -1.9984    6.6470     -1.4016    -0.0885    -0.4367    -0.7352    
0.8090     1.6642     0.0108     10.9488    0.3026     -0.2128    -1.0086    -0.1034    -0.7525    -1.7985    9.2885     -1.6120    -0.9021    -0.5880    -1.1743    
0.2505     -0.4127    11.3757    -0.5570    -0.6153    -0.8512    3.6401     -1.5720    -1.0723    -0.7915    9.3636     -1.1163    -1.3605    -1.1742    -1.3516    
-0.2480    0.9194     -0.3397    -0.5140    -0.4962    -0.7320    -0.6076    -1.4343    -0.9415    -0.5730    5.4045     -0.7050    -0.2144    -0.4136    -0.6780    
0.1216     -0.0990    -1.1366    -0.3950    -0.6258    -0.9770    -0.7182    -1.7331    -0.9907    -0.7020    8.1318     -0.7010    -0.6019    0.5275     -0.9769    
-0.7127    2.0746     -0.3970    -0.3660    -0.4744    -1.0404    -0.7480    -1.7211    -1.0358    -0.8363    26.5659    -1.3389    -1.3499    -1.0873    -1.4942    
-0.6586    -0.8417    -0.8380    -0.8360    -0.7456    -0.8792    -0.8685    -1.1617    -0.9092    -0.7484    14.8757    -1.1368    -1.3695    -1.1779    -1.3260    
-0.5864    0.2063     -0.5810    -0.6069    -0.7269    -0.9710    -0.8000    -1.6503    -1.0306    -1.0683    7.9610     -1.4618    -1.1609    -1.6890    -1.5595    
-0.5659    -1.2900    -0.6120    -0.5440    -0.6851    -1.0605    -1.3345    -1.7599    -1.1684    -0.8464    11.0637    -1.3933    -1.1844    -1.1741    -1.3325    
-0.1363    1.1666     4.2487     -0.9140    -0.6860    -0.8178    -0.9954    -1.6341    -1.1667    -0.8500    5.0623     -1.3163    -1.2155    -1.5880    -1.6941    
-0.0770    -0.0380    2.3371     -0.9950    -0.7744    -0.7803    -0.8831    -1.6169    -0.9558    -0.8740    -1.2878    -0.9416    -1.1380    -1.0955    -1.0472    
-1.4304    1.2700     2.2150     0.3800     -0.8169    -0.8360    -0.8738    -1.6439    -1.0063    -0.8300    4.6323     -0.9605    -1.0561    -1.3270    -1.0589    
-0.8348    8.9765     1.3935     -0.7695    -0.9570    -0.9350    -1.1472    -1.7948    -1.1394    -0.8540    -0.1151    -1.0225    -1.1132    -0.8983    -1.1952    
-0.5415    4.3580     0.1442     2.1111     2.0486     -0.8063    -0.6570    -1.7810    -1.1075    -0.7890    -0.1598    -0.9941    -1.0771    -1.0888    -1.0539    
-1.8929    -0.8190    -1.0590    -0.8100    -1.2508    -1.0020    -0.5640    -0.8879    -1.4725    -0.6310    -0.2417    -0.4139    0.1648     2.2519     12.0792    
-0.0813    -0.4130    -1.0700    0.0200     -0.4943    -0.6670    -0.4222    -0.5072    -1.1400    -0.6670    -0.5185    -0.8764    -0.7839    -1.1007    3.0623     
-1.0980    -0.4834    -1.1450    -0.5280    -0.0241    -1.0180    -0.6510    -0.8574    -0.9597    -0.5590    -0.5652    -0.6334    -0.5457    -0.3100    13.6202    
-1.2362    -0.6390    -1.6100    -1.2981    -1.4893    -0.6990    -0.3713    -1.0962    -0.8593    -0.4845    -0.4834    -0.6704    -0.7206    -0.1482    11.3676    
2.9167     -0.9319    -1.4230    -1.0510    -1.3888    -0.9300    -0.5860    -1.3887    -0.8664    -0.5139    -0.1708    -0.4254    -0.2123    -0.4358    3.2663     
-0.3270    -0.8006    -1.6250    -0.9500    -1.1726    -1.1447    -0.5880    -1.3927    -0.9808    -0.6710    -1.1119    -0.7823    -0.9107    -0.7916    20.3959    
1.3744     -0.3400    -0.7745    -1.2960    -1.2948    -0.7520    -0.3870    -1.0943    -0.7186    -0.5096    4.7698     -0.7957    -0.7843    -0.4151    8.1557     
-0.4915    -0.5220    -0.9540    -1.5650    -1.9718    -1.0830    -0.4780    -1.7893    -1.1309    -0.4360    -0.2450    -0.4631    -0.4049    3.4524     -0.3871    
-0.6769    -0.1368    -0.9920    0.7704     -0.7662    -0.6160    -0.2960    -0.8780    -0.8666    -0.4440    0.3622     -0.5320    -0.6027    -0.7223    -0.4196    
-1.4607    -0.6240    -1.0600    -1.5630    -1.5205    -0.7910    -0.4250    -1.5308    -1.1906    -0.5010    -0.4703    -0.5629    -0.3750    1.1797     -0.4253    
-0.9964    -0.3562    -1.3620    1.5536     9.4473     -1.0001    -0.5381    1.6966     -0.8343    -0.6285    -0.7214    -0.3123    -0.2860    5.8272     -0.3754    
-0.6132    -0.6767    -1.2450    0.2890     1.5511     -1.0380    -0.4820    0.7765     -1.5434    -0.7700    -0.2284    -0.7980    -0.3980    3.2524     -0.4447    
