0.2575
-10.0605
-12.977
-5.087
-14.085
-19.0825
-12.094
-12.216
1.663
3.967
-1.274
0.333
-5.805
-1.4025
-2.4585
-2.8135
-3.2555
-5.4335
-7.131
-5.516
0.886
-7.254
-7.936
-10.325
-0.256
0.917
-3.2365
-9.343
-2.3
5.705
-3.444
-0.24
-4.687
-0.617
-6.304
-3.035
-3.433
-5.919
4.7775
-3.641
-2.0745
-0.808
-4.035
-5.528
-10.006
-2.47
-7.791
-11.34
-7.325
-5.599
-7.329
-14.063
-17.9515
-14.123
-8.9835
-8.525
4.209
-5.4595
-4.171
3.471
-12.056
-2.465
-6.969
-7.384
-12.379
-9.108
-10.6255
-14.315
-14.002
-16.374
-14.301
-16.719
-14.678
-11.198
-15.7
-12.495
-7.5125
-12.3635
-15.353
-9.423
-8.342
-6.528
-15.666
-15.3875
-14.567
-10.382
-4.198
-12.716
-8.3885
-5.872
-6.166
-1.782
-1.594
-4.081
-5.999
-13.36
-13.222
-12.7405
-4.679
-6.327
-12.93
