-16.494
-5.2665
-14.3005
-11.239
-15.799
-8.3445
-15.2335
-5.638
-2.144
-12.7705
-8.277
-1.1225
-9.376
-9.967
-14.6475
-8.374
-18.707
-18.5375
-8.6745
-22.744
-17.272
-18.771
-16.2055
-15.8315
-11.75
-4.982
-11.831
-16.8515
-14.8195
-13.5925
-15.3355
-1.34
-4.213
-0.55
-6.2125
-6.1035
-1.016
-0.599
-4.56
-0.573
-7.601
-8.7095
-3.961
-18.085
-19.0275
-15.109
-23.048
-15.212
-14.32
-13.053
-11.698
-15.5035
-13.6965
-16.4655
-19.669
-11.3505
-10.5965
-15.4085
-2.764
-17.1285
-8.243
-14.358
-20.0115
-0.889
-11.513
-11.051
-17.663
-8.674
-6.283
-6.373
-9.241
-5.82
-9.1985
-7.337
-8.3985
-5.2175
-7.8385
-8.156
-0.029
-11.978
-11.164
-15.296
-11.949
-7.075
-1.167
-2.169
-6.491
-2.331
-7.555
-20.749
-11.65
-13.36
-18.4215
-7.433
1.288
-8.1315
-14.55
-20.355
-9.399
-23.837
-8.0775
