-23.991
-22.9635
-21.6655
-21.4335
-21.9505
-26.2735
-15.074
-18.307
-24.2655
-24.0605
-20.203
-29.9505
-17.884
-26.6905
-21.972
-25.871
-24.703
-28.673
-24.532
-26.2185
-31.4565
-23.284
-24.2935
-27.058
-25.147
-25.0685
-20.2565
-20.983
-23.547
-25.665
-24.655
-22.828
-29.794
-31.008
-28.677
-27.145
-34.7425
-23.304
-30.0745
-30.156
-31.882
-25.8095
-23.899
-22.2105
-17.603
-26.841
-20.773
-18.5435
-24.7145
-23.715
-23.498
-22.1105
-25.442
-25.478
-25.8885
-36.2585
-29.6865
-28.098
-26.1895
-25.1225
-29.389
-28.5185
-37.7345
-32.963
-36.314
-39.1205
-28.185
-35.3525
-25.0
-33.8485
-24.679
-25.386
-27.8655
-24.988
-24.7645
-29.003
-38.854
-33.425
-32.468
-25.0765
-31.1015
-30.622
-36.0885
-35.5205
-28.261
-36.8625
-15.301
-30.086
-28.372
-27.4485
-32.2225
-28.7955
-32.941
-25.4125
-22.939
-20.8095
-23.851
-16.3725
-17.5475
-17.7695
-24.935
