-30.1645
-17.852
-27.851
-29.627
-20.5425
-20.0015
-19.256
-12.86
-18.8645
-25.2425
-20.6575
-21.374
-24.208
-20.2135
-29.6855
-19.091
-14.2465
-8.4545
-8.459
-11.1755
-20.6735
-11.8175
-6.371
-18.4575
-24.0495
-39.0845
-30.777
-25.9375
-22.3085
-17.413
-36.93
-26.715
-29.427
-35.9215
-30.0645
-38.8265
-36.895
-47.0995
-41.9505
-34.86
-45.6685
-41.7495
-32.0575
-39.137
-39.236
-40.4415
-31.52
-25.422
-20.7075
-14.42
-10.4745
-22.499
-26.814
-24.053
-16.7165
-11.1075
-27.4755
-18.6985
-13.594
-10.2995
-17.2965
-16.4215
-20.5495
-14.597
-15.452
-21.981
-18.8375
-26.2345
-22.215
-29.6865
-14.1445
-24.111
-17.2905
-25.2635
-28.178
-38.625
-26.698
-30.7175
-33.5015
-28.4185
-38.5155
-37.2865
-41.886
-26.7855
-27.2455
-29.8175
-9.7665
-26.9495
-26.5855
-24.5325
-22.9055
-23.565
-31.3425
-31.1985
-23.516
-30.505
-21.5145
-26.4775
-24.709
-19.82
-24.153
