-21.586
-23.4695
-18.2585
-9.262
-11.792
-13.287
-7.306
-4.193
-17.871
-6.512
-30.1915
-27.302
-23.2925
-11.879
-13.2455
-8.193
-17.773
-11.47
-12.628
-5.511
-13.617
-9.4615
-14.038
-26.6065
-18.07
-24.143
-14.264
-21.663
-25.7155
-22.3435
-26.286
-22.659
-25.629
-17.352
-27.294
-21.796
-16.548
-33.533
-18.186
-19.008
-21.4765
-22.0045
-22.49
-14.498
-15.5605
-17.8035
-8.253
-13.1195
-15.269
-19.703
-16.632
-19.705
-19.216
-7.738
-12.9645
-11.1485
-18.883
-17.308
-3.247
-5.02
-19.362
-16.512
-26.351
-18.7595
-15.909
-16.5
-19.023
-21.333
-13.398
-16.723
-14.848
-14.296
-19.6745
-7.984
-15.731
-5.429
-9.368
-18.411
-18.799
-8.815
-9.065
-6.336
-13.641
-24.083
-15.508
-9.8485
-14.01
-14.359
-29.9695
-28.498
-33.1405
-20.4205
-20.298
-9.975
-7.169
-16.898
-12.566
-15.1845
-14.7005
-17.859
-19.146
