-3.421
-4.211
-10.055
-7.435
-1.3955
-3.754
-2.4905
-8.6425
-12.3025
-5.6985
-13.168
-13.7715
-12.523
-14.4635
-21.141
-14.514
-15.6835
-7.517
-10.681
-27.1295
-6.7055
-2.653
-14.842
-9.2165
-8.054
-13.287
-10.647
-18.767
-7.6145
-14.051
-21.321
-10.6665
-9.4335
-10.1605
-8.8755
-0.9655
-12.2295
-5.6135
-7.6505
-20.6585
-11.962
-4.0835
-1.077
0.906
-8.347
-5.986
-9.939
0.356
-0.788
-9.5095
-6.64
0.951
0.767
-2.999
7.148
3.8045
-5.0215
-9.224
-0.656
-0.777
4.858
-1.456
-3.1245
-6.081
6.5005
-1.083
-5.813
-2.445
-14.992
-13.7495
-7.5875
-25.876
-18.2725
-11.352
-12.5715
-14.133
-14.5185
3.317
-1.64
-9.184
-18.3835
-19.8455
-27.55
-6.6485
-5.7015
-6.33
-15.817
-14.0135
-9.2
-12.6195
-1.792
-16.994
-15.498
-13.779
-12.226
-11.9415
-30.572
-10.434
-16.004
-23.1865
-14.615
