-18.3215
-13.602
-14.0885
-5.198
-8.654
-15.5555
-14.887
-13.921
-19.2875
-16.0565
-13.774
-9.1465
9.8715
-0.374
-6.7615
-6.8595
-4.2335
-6.362
-3.018
-11.8615
-12.9185
-14.893
-4.748
-11.0625
-15.5565
-16.512
-6.054
-10.1025
-11.3635
-9.761
-22.0575
-14.484
-19.069
-15.522
-23.01
-26.7885
-25.823
-22.175
-31.6375
-23.001
-15.7895
-21.6465
-18.9735
-18.6825
-20.407
-29.734
-22.5045
-26.8585
-31.1985
-20.755
-28.305
-22.2975
-23.231
-21.1845
-24.2975
-14.9655
-23.5755
-11.9525
-24.8155
-29.855
-24.734
-23.837
-25.126
-10.75
-18.4975
-18.9535
-19.8695
-33.8015
-26.662
-35.5395
-27.75
-17.36
-21.184
-18.1415
-16.604
-17.46
-22.2555
-31.356
-21.059
-20.182
-32.3295
-26.779
-25.3565
-22.3285
-1.1125
-24.6355
-25.9035
-19.8475
-25.0085
-22.6525
-18.1
-21.133
-11.4325
-11.5605
-6.2655
-13.593
-29.681
-25.0415
-30.9235
-20.9995
-24.458
