-11.973
-24.8345
-16.9695
-28.3635
-14.152
-14.2635
-10.2095
-11.1205
-9.1495
0.771
-15.4565
-14.901
-8.4265
-2.773
-7.3875
-6.2125
-19.1995
-10.2835
-24.0035
-25.3085
-16.814
-10.212
-21.325
-23.338
-16.489
-11.594
-10.442
-11.526
-15.468
-8.06
-10.9355
-10.9325
-1.759
-3.8115
-2.335
4.321
-8.61
-7.8995
-8.8045
-7.827
-5.66
-5.104
-11.169
-8.7575
-3.458
-14.0065
-4.713
-13.876
-13.319
-3.549
-3.147
-16.295
-17.669
-8.058
-5.213
-12.367
-24.5695
-17.615
-20.2805
-15.319
-9.6315
-11.1665
-18.205
-8.3985
-21.835
-14.7595
-16.514
-27.6245
-11.8305
-9.0605
-23.4045
-13.4215
-11.99
-23.915
-14.0425
-10.28
-9.724
-5.751
-16.262
-18.651
-16.23
-14.266
-7.3405
-18.503
-18.351
-6.306
-18.5615
-8.8665
-20.303
-15.4045
-19.151
-13.009
-13.9705
-21.6815
-18.111
-18.8105
-12.935
-16.039
-22.565
-18.421
-20.376
