-7.4085
-11.879
-10.944
-17.43
-21.407
-13.089
-21.723
-27.456
-16.944
-23.254
-4.4685
-9.9295
-19.3865
-14.8585
27.8835
-15.881
-16.425
-13.565
-25.2345
32.647
-14.538
-17.188
-19.7485
-23.957
-9.149
-1.914
-17.0695
-5.3605
-10.4215
-13.642
-18.4545
-10.465
-13.1065
-22.282
-10.08
-26.0125
-8.041
-23.8145
-22.3675
-18.682
-17.8645
-22.835
-15.007
-13.007
-9.379
-11.413
-17.481
-18.636
-12.273
-9.9885
-11.997
-12.512
-8.379
-12.499
1.043
-5.219
-18.7715
-13.4285
21.327
17.5825
-11.5555
-6.475
-10.2115
-21.237
-13.5815
-15.9825
-14.6565
5.709
-11.829
-14.2445
-11.161
-7.721
-8.319
-12.446
-16.1515
-11.559
-12.418
-13.258
-15.836
-8.3625
-6.911
-15.197
-13.108
-14.997
-15.1315
-12.413
-10.117
-6.309
-18.8655
-8.546
-8.741
-15.8835
-9.275
-11.843
-7.029
-12.179
-7.6705
-21.8185
-10.916
-24.195
-9.819
