-33.122
-31.1395
-34.613
-24.2805
-31.2185
-27.275
-21.6935
-18.5835
-18.4725
-17.6055
-18.86
-14.4395
-17.5035
-15.9775
-26.002
-20.6025
-24.079
-29.4085
-26.7775
-29.9965
-31.1845
-27.625
-23.1515
-29.1645
-26.118
-18.577
-15.4915
-22.4145
-21.2845
-30.711
-30.484
-25.904
-30.0895
-31.2245
-27.3215
-24.8335
-20.0645
-16.0765
-26.7705
-18.917
-19.0715
-19.858
-15.3475
-26.1865
-28.956
-21.846
-26.7885
-23.987
-21.5645
-27.6455
-21.962
-31.834
-22.2415
-13.6625
-17.2965
-21.417
-17.7765
-21.878
-11.8075
-16.2535
-23.0525
-15.922
-17.4075
-23.2675
-17.619
-15.7705
-17.29
-15.318
-7.216
-21.4985
-15.602
-27.7015
-22.74
-16.236
-13.313
-13.744
-12.9685
-18.529
-5.509
-30.3135
-26.0225
-32.494
-29.8905
-21.4615
-14.48
-19.985
-33.3035
-29.214
-29.984
-25.8475
-26.3055
-4.2275
5.2205
-17.7355
-23.8555
-23.3995
-20.8655
-20.9395
-27.113
-23.5015
-9.5685
