-18.2335
-15.2315
-20.047
-27.671
-28.162
-27.1695
-18.679
-21.694
-22.4365
-24.531
-24.174
-18.3965
-18.124
-20.491
-26.83
-22.2825
-24.0525
-21.591
-26.511
-20.3855
-27.5395
-17.506
-26.248
-26.851
-30.193
-26.543
-22.891
-14.892
-14.802
-14.375
-9.966
-17.328
-13.258
-21.0355
-11.598
-10.565
-12.7275
-20.352
-16.059
-18.645
-21.256
-19.518
-24.614
-15.904
-17.1695
-14.1465
-13.4285
-10.098
-13.8255
-17.6
-16.091
-14.3925
-11.441
-18.064
-13.5735
-19.4265
-13.1
-14.057
-15.9785
-17.098
-14.967
-13.5715
-16.4665
-19.497
-25.465
-18.3285
-14.407
-26.915
-14.649
-21.505
-17.308
-21.78
-20.698
-14.8525
-17.457
-12.906
-16.1635
-14.833
-23.86
-18.956
-20.0945
-9.763
-19.126
-22.594
-14.912
-10.658
-13.6915
-12.697
-13.701
-14.983
-12.256
-9.662
-9.857
-8.4315
-3.46
-16.353
-13.3205
-18.992
-12.692
-16.066
-14.467
