-36.8135
-23.89
-34.6985
-28.606
-25.2695
-35.7035
-36.884
-29.723
-21.9805
-23.891
-23.283
-24.987
-27.092
-28.8795
-29.2885
-24.249
-20.6915
-25.8845
-24.656
-31.479
-26.972
-26.339
-28.6915
-24.2575
-37.353
-27.2865
-21.9855
-35.658
-37.876
-33.042
-31.5505
-22.673
-29.937
-21.439
-25.3665
-19.775
-30.867
-14.744
-22.693
-21.8925
-28.721
-21.4805
-26.204
-22.33
-16.592
-20.433
-12.4125
-27.028
-18.274
-26.642
-12.556
-15.5545
-19.5305
-24.8895
-23.1825
-20.8505
-25.0335
-34.612
-28.3095
-32.7065
-36.3925
-30.864
-23.2635
-25.119
-9.506
-24.812
-25.3445
-18.2485
-25.637
-14.319
-22.412
-21.945
-26.796
-20.527
-14.576
-13.814
-19.2455
-14.878
-12.2805
-15.077
-24.272
-30.947
-27.6215
-33.0475
-29.146
-24.216
-21.874
-26.799
-23.5235
-28.833
-28.273
-30.975
-26.845
-18.4425
-22.936
-25.815
-23.7945
-15.126
-22.226
-22.6035
-17.382
