-30.3065
-25.989
-20.529
-22.919
-26.0525
-21.717
-18.7355
-17.274
-15.6345
-25.7095
-26.9045
-24.1195
-27.2225
-28.6975
-22.425
-29.822
-27.3085
-27.8805
-33.845
-33.212
-29.4435
-29.695
-30.2805
-22.056
-24.0955
-20.0145
-18.2555
-19.5985
-31.2145
-35.9335
-27.1575
-18.8885
-26.1995
-23.932
-27.4665
-24.041
-27.2665
-25.7365
-28.1115
-25.9415
-26.1985
-32.0895
-30.516
-20.5895
-29.887
-26.3025
-38.025
-38.9165
-34.93
-37.924
-35.33
-37.9915
-30.9375
-26.0635
-39.783
-21.6865
-31.0045
-13.4645
-17.578
-18.2355
-18.0285
-19.792
-16.746
-15.316
-20.329
-38.9155
-39.657
-35.6735
-41.7715
-30.063
-29.53
-35.4575
-32.2125
-23.301
-38.1145
-40.2195
-38.238
-38.4315
-33.3225
-44.1425
-38.8155
-32.069
-40.555
-33.955
-43.4305
-42.1655
-41.509
-37.8065
-31.5715
-22.8315
-12.3445
-18.9385
-25.966
-35.054
-34.8245
-25.3405
-36.172
-36.9615
-34.261
-43.031
-40.3445
