-17.2075
-7.214
-19.7755
-16.906
-23.4775
-5.9485
-22.171
-22.607
-16.354
-15.9825
-13.878
-14.749
-14.911
-19.409
-28.452
4.88
-21.581
2.4125
41.419
-4.8935
-13.699
-23.4445
7.1105
-18.2075
2.4205
-15.3645
-15.7625
-23.389
-21.228
-26.7015
-14.8075
-16.2715
-26.615
-14.845
-5.442
-5.7835
-8.5695
-19.789
-5.4875
-11.16
-23.2255
-24.5025
-24.7905
-24.699
-12.3335
-14.8875
-20.29
-18.8435
-17.406
-19.5695
-28.124
-27.644
-31.889
-11.514
-27.382
-27.6555
-19.5545
-14.75
-24.416
-24.249
-18.6135
-22.2685
-18.499
-20.604
-15.465
-13.361
-13.0045
-21.9915
3.8295
-13.7465
-18.0225
-25.4835
6.7695
-27.2565
-29.4275
-20.4495
-23.924
-2.937
-18.5565
-15.1045
-19.555
-22.609
-20.7215
-23.5585
-14.4145
-24.4145
-31.535
-28.098
-25.912
-24.808
-30.3835
-24.6185
-27.649
-18.4405
-25.436
-20.098
-18.3995
-19.6815
-20.4705
-14.0895
-19.6365
