-9.438
-8.6415
-13.739
-13.476
-17.0765
-18.5305
-14.503
-28.34
-17.817
-20.7345
-7.965
-19.4145
-16.8955
-17.3615
-23.4895
-19.1225
-22.513
-18.6575
-26.0435
-23.783
-29.2825
-7.9205
-32.078
-19.63
-15.116
-19.797
-17.6685
-18.0955
-18.0315
-17.69
-18.8265
-9.9035
-9.808
-14.4735
-13.6245
-12.194
-16.5515
-14.161
-13.456
-12.121
-12.6465
-15.7825
-10.5445
-11.7305
-17.0755
-23.0545
-19.394
-18.2105
-32.4645
-32.4345
-27.778
-22.9625
-26.9805
-36.7475
-37.141
-28.825
-29.824
-19.079
-28.8625
-32.057
-29.97
-21.153
-32.229
-29.468
-27.319
-30.9085
-35.6315
-24.412
-28.6835
-21.9595
-21.067
-16.8435
-16.203
-25.981
-15.6255
-26.837
-14.341
-23.1895
-26.1235
-30.3065
-22.45
-14.1635
-18.7235
-16.5305
-22.8825
-13.389
-19.3715
-13.0915
-11.225
-19.5175
-19.738
-30.298
-24.477
-21.8415
-26.501
-18.859
-35.1605
-40.512
-28.5125
-27.1295
-37.1585
