-9.948
13.3975
2.2055
-8.249
-16.6655
-26.1725
-17.873
-23.759
-9.9205
-17.304
-14.307
-13.701
-18.08
-16.4485
-13.526
-15.499
-12.5525
-23.826
-22.3205
-20.119
-19.5945
-15.5095
-10.535
-19.534
-19.8915
-2.829
-14.9485
-11.246
-5.592
-11.4465
-13.2345
-24.1935
-23.198
12.264
-19.3335
-23.0345
-24.8745
-35.4035
-23.8155
-22.363
-24.96
-26.3425
-17.8265
-17.754
-16.922
-27.74
-26.072
-23.45
-22.302
-22.029
-25.428
-22.668
-17.5585
-20.112
-29.508
-24.826
-21.048
-27.3745
-24.196
-17.394
-21.3715
-21.552
-11.352
-18.9745
-16.8475
-20.6
-16.6295
-30.0165
-26.2475
-30.1745
-23.273
-31.3715
-22.294
-20.821
-26.976
-17.4735
-24.657
-16.94
-26.807
-24.5235
-24.756
-24.843
-39.916
-31.2465
-27.463
-27.101
-16.35
-16.516
-13.009
-17.486
-18.056
-18.071
-16.353
-21.1435
-9.973
-10.979
-11.186
-8.098
-18.326
-11.164
-8.4935
