-33.2525
-24.925
-35.9205
-20.4305
-26.656
-27.5955
-31.7215
-36.2075
-28.987
-27.5825
-29.716
-34.2995
-32.1495
-30.1655
-18.1005
-26.4825
-32.5735
-35.8545
-33.813
-27.495
-42.9195
-32.117
-24.651
-21.5455
-22.299
-22.409
-22.6795
-24.585
-30.968
-19.7905
-25.9985
-32.0535
-25.4995
-22.24
-21.3915
-22.0845
-22.144
-24.4225
-27.6315
-34.662
-29.511
-21.5585
-15.538
-31.672
-28.3755
-13.509
-27.1575
-26.068
-26.756
-25.8975
-16.1285
-28.06
-28.129
-11.102
-23.439
-5.811
-17.686
-11.6985
-19.4055
-21.7355
-16.372
-18.9295
-14.889
-30.404
-13.563
-19.7135
-12.441
-9.51
-10.8525
-16.979
-15.718
-8.794
-17.153
-16.135
-15.2185
-30.1725
-18.197
-22.8455
-27.235
-29.916
-32.961
-22.612
-34.7135
-28.177
-27.763
-19.62
-24.604
-17.592
-31.673
-28.8285
-28.59
-28.666
-25.2505
-35.474
-39.9855
-34.022
-28.0935
-27.0775
-29.7365
-35.0385
-32.749
