-1.356
-3.518
-6.602
-10.986
-8.649
-12.104
-11.3775
-8.895
-8.861
-7.244
-7.053
-6.609
-15.986
-14.039
-2.616
-9.778
-14.26
-11.477
-13.609
-16.183
-9.6385
-6.55
-14.415
-20.047
-9.548
-7.292
-5.091
-13.121
-2.5515
3.016
-1.377
-5.8585
-7.859
0.4325
-5.322
-13.372
-10.641
-12.011
-7.392
-6.602
-19.211
-16.2565
-22.196
-13.335
-18.91
-15.842
-16.889
-8.189
-7.22
-10.4825
-4.807
-8.698
-18.108
-7.9335
-16.0
-24.4205
-19.712
-18.432
-10.9925
-20.448
-20.052
-18.8215
-18.893
-17.2455
-19.384
-14.96
-21.6245
-15.244
-20.336
-22.001
-10.0065
-11.687
-20.798
-13.206
-12.349
-15.202
-14.252
-15.954
-13.783
-17.195
-18.266
-14.668
-17.6105
-10.014
-10.1375
-16.638
-9.378
-13.228
-14.084
-13.798
-12.809
-7.568
-13.418
-12.852
-19.553
-18.408
-14.8305
-15.091
-18.859
-18.251
-12.396
