-9.772
-19.415
-5.1735
-8.801
-6.998
-4.777
-9.8195
-4.08
-8.071
-12.997
-9.91
-10.941
-9.136
-13.344
-15.888
-10.637
-6.9775
-5.6835
-7.698
-14.076
-2.2215
-6.3575
2.4405
-0.617
-9.567
0.61
-3.383
-0.9245
-3.95
0.08
-9.016
-3.968
-16.403
-9.216
-10.582
-6.389
-9.817
-5.5695
-7.98
-8.2045
-18.512
-15.984
-5.974
-8.684
-10.539
-13.339
-20.3995
-20.5395
-9.088
-15.063
-17.877
-12.9945
-12.3035
-20.704
-11.6985
-13.8565
-17.544
-15.625
-17.5985
-19.5275
-12.252
-10.728
-18.5085
-23.752
-14.839
-14.245
-14.181
-18.506
-26.935
-18.7965
-10.1035
-5.276
-5.6475
-8.2665
-11.918
-7.432
-9.207
-9.8575
5.3745
0.6065
1.21
-1.9295
-10.6385
-10.212
-0.8355
-9.435
-7.022
-13.0415
-19.816
-21.1075
-13.4095
-12.3505
-9.051
-6.0005
-6.51
-7.8305
-10.665
-4.035
-19.6835
-17.7935
-10.253
