-14.236
-10.136
-16.5215
-19.6845
-12.6035
-19.5425
-27.0745
-16.5745
-23.1325
-25.202
-25.1915
-33.921
-23.7135
-22.8605
-18.8765
-21.745
-15.2315
-24.796
-22.4975
-24.2235
-29.43
-23.543
-12.6465
-16.7455
-11.8665
-16.3785
-16.2445
-14.239
-12.988
-15.2915
-21.5075
-22.3065
-8.022
-12.6515
-13.4545
-6.2995
-14.6385
-10.98
-14.571
-15.3555
-9.4165
-16.3045
-10.492
-9.7665
-10.449
-7.0845
-17.631
-10.7035
-9.446
-10.147
-13.55
-6.1825
-8.776
-10.165
0.981
1.297
-4.031
-4.432
-16.0845
-12.563
-10.293
-2.936
-5.378
-1.2945
-2.59
-5.772
-13.0415
-6.814
-5.3745
-18.597
-28.0225
-11.263
-15.2325
-10.8195
-10.7295
-19.3785
-15.8435
-18.1905
-12.007
-18.934
-18.5765
-28.672
-32.7115
-27.5385
-32.9015
-30.7625
-24.3375
-25.0995
-21.2745
-28.324
-21.641
-28.9005
-21.0875
-18.931
-14.415
-22.64
-22.784
-10.319
-17.3675
-21.3135
-11.7915
