-12.352
-11.5435
-19.305
-16.3625
-27.1955
-23.658
-15.007
-13.033
-9.418
-17.0675
-20.013
-16.527
-19.064
-20.745
-17.2665
-22.051
-22.24
-15.917
-14.085
-10.144
-17.604
-25.9595
-19.7915
-27.0535
-27.056
-20.6655
-19.806
-27.9185
-19.244
-20.327
-10.0715
-28.542
-27.7065
-25.416
-27.595
-14.5325
-12.587
-12.9495
-34.8455
-26.7055
-25.1605
-29.668
-26.175
-20.001
-26.702
-21.092
-22.3055
-20.2415
-17.5005
-19.0995
-26.178
-28.4865
-27.6385
-14.237
-19.487
-31.5945
-25.3485
-18.3235
-13.972
-15.6295
-12.376
-7.1875
-13.4725
-7.5895
-15.8115
-20.483
-11.659
-19.909
-21.2535
-9.4485
-4.491
-18.494
-23.989
-21.2375
-18.1845
-17.708
-11.925
-5.422
-8.5815
-11.108
-6.845
-23.624
-21.095
-3.13
-11.386
-21.635
-15.314
-16.195
-15.143
-1.765
-7.5595
-11.739
-5.007
-1.487
-9.5695
-8.5075
-8.768
-12.554
-1.184
-6.666
-13.126
