-9.594
-11.22
-12.402
-18.136
-12.229
-12.401
-13.999
-11.854
-20.876
-26.4215
-15.614
-26.419
-28.828
-18.894
-16.2
-23.308
-13.827
-10.234
-17.258
-9.126
-15.522
-7.7475
-2.504
-20.158
-24.705
-18.601
-14.099
-9.543
-14.968
-9.667
-21.839
-13.4225
-16.451
-21.1825
-20.612
-16.4945
-13.116
-19.984
-18.844
-17.403
-10.7255
-14.962
-21.389
-20.396
-23.785
-14.724
-13.898
-19.113
-20.295
-11.215
-14.374
-8.974
-17.317
-17.423
-9.348
-7.1365
-15.301
-8.149
-16.609
-12.804
-10.6905
-15.66
-7.56
-14.197
-8.41
-7.687
-15.876
-12.7335
-6.812
-15.682
-19.642
-22.329
-18.493
-23.442
-23.325
-12.759
-12.699
-11.285
-9.637
-1.264
-7.791
-12.207
-14.5215
-15.902
-14.6265
-24.1605
-20.2145
-27.7565
-18.9315
-19.7635
-21.262
-20.4185
-28.021
-18.289
-18.129
-18.635
-10.076
-11.154
-27.875
-29.599
-26.1905
