-22.999
-18.988
-26.439
-17.005
-22.853
-15.2225
-17.855
-17.687
-17.341
-12.9745
-17.9875
-15.3045
-29.493
-21.792
-24.9805
-11.6235
-19.867
-27.502
-22.132
-34.3925
-22.812
-23.567
-18.2595
-24.8255
-16.151
-26.824
-22.0705
-11.989
-20.099
-15.65
-14.627
-14.736
-20.642
-9.194
-22.12
-10.107
-14.223
-12.1105
-15.283
-14.964
-8.34
-16.621
-20.247
-15.652
-22.0135
-21.7575
-11.541
-9.262
-24.697
-16.823
-21.8695
-17.3755
-16.9245
-25.337
-20.509
-21.978
-17.852
-21.149
-20.828
-19.718
-20.2245
-23.614
-24.989
-14.583
-25.7115
-18.6265
-13.085
-3.5715
-13.351
-6.99
-15.1845
-8.9395
-14.986
-8.5195
-4.704
-15.4875
-11.954
-13.037
-13.584
-17.614
-16.0325
-18.174
-14.045
-12.787
-14.273
-21.36
-11.639
-16.79
-13.753
-17.9785
-18.49
-17.467
-15.79
-17.182
-21.863
-3.538
-18.05
-19.9815
-4.735
-15.509
-16.338
