-17.56
-34.6595
-18.128
-9.8995
-16.019
-8.9925
-14.77
-17.533
-12.443
-15.6495
-13.207
-13.5565
-16.39
-11.143
-9.004
-6.713
-7.74
-10.972
-21.586
-16.8855
-8.5015
-14.649
-14.139
-23.174
-22.605
-10.997
-15.093
-13.099
-18.062
-8.809
-14.765
-19.661
-2.0465
-20.089
-16.802
-17.796
-13.8705
-9.605
-18.312
-6.187
-12.0725
-12.904
-10.0625
-15.962
-14.8095
-15.8455
-16.9995
-16.6675
-24.388
-14.934
-8.369
-16.5935
-18.139
-11.2195
-18.902
-14.663
-21.297
-19.3095
-23.812
-18.939
-23.295
-19.4995
-27.16
-15.351
-20.31
-11.4875
-18.788
-20.068
-14.3685
-17.075
-21.385
-13.732
-16.3935
-16.568
-14.248
-12.928
-15.7085
-23.4695
-22.175
-21.38
-27.463
-21.144
-22.9075
-19.36
-21.7875
-18.518
-19.3715
-23.4515
-22.6445
-17.443
-8.1605
-7.554
-4.629
-11.19
-6.562
-15.183
-4.818
-15.612
-10.028
-14.6795
-14.344
