-13.7705
-7.06
-11.867
-14.591
-10.528
-10.735
-2.3115
-10.915
-17.302
-17.5785
-16.3235
-16.348
-16.306
-13.385
-7.244
-10.068
-15.4755
-12.33
-16.9755
-11.6145
-11.878
-24.3185
-22.362
-16.8735
-21.005
-22.984
-13.4105
-14.207
-17.365
-15.212
-18.206
-18.119
-14.0
-22.169
-12.758
-15.946
-8.381
-10.5995
-12.8385
-10.045
-14.4105
-11.636
-7.645
-11.423
-13.6025
-16.519
-15.218
-12.385
-17.2755
-15.6945
-18.058
-20.8045
-11.1495
-16.176
-15.405
-13.025
-14.6135
-19.942
-21.328
-9.5275
-12.754
-15.204
-10.541
-24.7055
-13.724
-12.0385
-8.786
-13.3385
-10.6865
-7.267
-8.551
-12.361
-16.123
-14.304
-10.5985
-25.9935
-16.467
-12.558
-21.6335
-24.992
-19.935
-16.5315
-12.549
-3.1485
-19.235
-16.878
-21.803
-19.036
-13.8965
-22.893
-24.8245
-20.65
-21.1995
-23.198
-14.586
-19.0075
-18.909
-23.937
-23.072
-18.9065
-12.686
