-21.463
-27.6105
-17.0975
-30.9435
-31.668
-30.2865
-28.8985
-17.94
-20.0995
-31.917
-31.135
-28.143
-20.5475
-18.5155
-8.787
-6.2025
-4.9245
-18.821
-14.437
-21.181
-18.2525
-16.6275
-7.596
-3.7365
-9.977
-7.3235
-18.756
-4.669
-20.771
-18.357
-15.5995
-7.844
-4.153
-13.727
-9.2135
-10.615
-4.8365
-4.606
-8.07
-9.2135
-23.019
-12.91
-15.355
-11.8105
-16.955
-12.633
-16.5365
-10.1515
-11.7035
-17.039
-22.536
-21.2185
-11.584
-21.162
-2.026
-24.4085
-21.061
-12.259
-14.5465
-25.062
-14.962
-24.3205
-8.777
-14.204
-17.555
-5.8795
-22.7915
-23.372
-19.336
-19.408
-17.0415
-18.5875
-4.354
-25.079
-15.403
-25.9745
-24.6235
-28.241
-21.191
-20.7755
-16.155
-14.336
-15.885
-16.2065
-11.845
-6.8105
-11.839
-19.0905
-12.453
-14.6825
-13.1125
-18.259
-19.856
-20.5675
-9.0605
-20.3655
-21.6165
-10.3215
-17.128
-20.1445
-16.0
