5.8062     -0.3312    8.3226     2.5244     14.1725    7.7076     -2.2052    -1.1837    2.7915     2.7002     -0.8833    -1.3567    -1.7307    -0.7450    -0.8240    
1.8955     -1.1558    6.0248     1.4216     13.9078    7.1755     -1.5882    -1.4516    1.1439     3.0614     -0.8151    -1.4859    -1.9122    -1.0689    -0.9840    
4.2368     1.2216     7.2980     4.0048     14.4201    7.0689     -2.1498    0.0444     2.4921     4.7163     2.3252     -1.1710    -2.3670    -0.2525    -0.9880    
-0.3314    -0.5621    6.6635     3.8704     15.7429    5.6327     1.6932     0.0477     2.8080     3.0451     2.2941     -1.5066    -2.0080    -0.8712    -1.0322    
0.4117     1.1673     5.8382     4.9356     15.9997    7.4527     -0.2648    -0.9861    2.7772     3.0793     2.0184     -0.7503    -1.2685    -0.4348    -0.6107    
1.1489     1.1869     4.7315     2.4011     16.7295    5.3221     -1.3362    -1.0576    5.5400     6.9401     3.5194     -1.2591    -3.1517    -0.7890    -0.9499    
3.0799     0.9699     6.7481     4.6105     17.2780    7.2596     -1.1173    -0.7305    2.9202     -0.0293    -0.4732    -1.2360    -2.0060    -0.6575    -0.7330    
-1.3502    0.6364     11.9538    3.2930     16.6388    8.0893     -0.9172    0.4027     5.9387     1.1001     -1.8368    -0.9529    -1.5945    -0.2606    -0.5814    
-0.4935    1.3373     8.3757     6.3816     15.3092    7.0004     -1.6705    -1.1603    1.3687     2.2052     4.8553     -1.0624    -2.0239    -0.6220    -0.7750    
0.6201     0.8233     3.5640     -1.0678    8.0949     3.3422     -1.2808    -1.1004    1.6567     2.2950     4.7149     -1.1509    -1.1705    -0.5902    -0.6930    
-0.2738    -0.6020    6.4542     0.6699     13.4199    5.1730     -1.3729    -0.2271    2.5531     1.2042     1.2514     -0.9893    -1.5554    -0.8098    -0.7566    
7.9704     0.9482     5.4198     1.4207     17.7736    6.1962     -1.2418    -0.5350    2.7886     1.1272     -2.6553    -1.0414    -2.3195    -0.7674    -0.8340    
