-0.8959    -1.0685    -1.2638    -0.8860    -0.5078    -0.6485    -1.0683    -0.9670    -0.2646    -0.4970    0.4653     -0.5566    -1.0326    -1.3900    -0.9373    
-1.4773    -0.6730    -0.7809    -0.4269    6.6555     -0.3906    -0.4790    0.4968     -0.1739    -0.4939    -1.8853    -0.4378    -1.4197    -1.8110    -1.2736    
0.9407     -0.6538    1.0368     -0.1470    -0.2974    -0.1823    -0.0152    1.1550     -0.1764    -0.3370    -1.5193    -0.5399    -1.4998    -1.7199    -1.3837    
1.8131     -0.8853    0.9876     -0.3184    -1.3826    -0.8817    -1.5926    -0.7006    -0.7961    -0.6704    -0.8408    -0.5678    -0.5810    -1.4710    -1.2475    
1.8032     -1.2420    0.2189     -0.3984    -0.5398    -0.3564    -1.1616    1.0167     -0.3902    -0.5341    -2.0536    -0.5617    -1.5360    -1.4260    -1.1568    
1.9335     -1.2344    -0.3030    -0.1609    -0.4113    -0.1478    -0.7780    1.7707     -0.0041    -0.3934    0.0198     -0.4276    -0.8390    -1.8770    -1.3789    
0.2936     0.0414     -0.2383    1.5114     -0.4781    -0.6277    -0.8629    -1.0456    -0.6416    -0.5290    -2.3256    -0.7290    -1.0658    -1.2440    -1.1593    
4.4101     1.6504     -0.0545    0.6669     -0.4564    -0.6014    0.4499     -1.5763    -0.6783    -0.4874    -0.1281    -0.7030    -0.6900    -1.5710    -1.5947    
1.3370     -0.3543    -0.3739    2.2466     -1.0112    -0.9363    -1.2573    -0.2071    -0.9733    -0.7041    -1.2059    -0.8044    -1.0240    -1.3580    -1.7000    
0.4780     -0.3960    -0.2742    0.9347     0.6962     -0.8173    0.0293     -1.0034    -1.0496    -0.7980    -1.9448    -1.0367    -1.3070    -1.5840    -1.9437    
1.8173     -0.4763    -0.5431    4.2095     1.0839     -0.7414    0.5731     -2.2080    -0.9321    -0.7677    -2.9375    -1.0410    -1.1452    -1.6840    -1.8616    
-0.3838    -1.6594    1.2889     6.3507     0.1396     -0.5109    -0.7377    -0.1361    -0.6859    -0.7268    -2.0961    -0.7150    -0.8360    -1.2510    -1.3225    
