4.9226     -0.9240    -1.5167    -1.2706    -1.5855    -3.4257    -5.3079    -0.6901    -1.8140    -3.6717    -1.6817    -1.6330    -3.4636    -3.4989    -1.0220    
1.5744     -0.8885    0.4589     -0.9253    -1.4147    -3.5256    -5.2897    -0.8299    -2.0203    -4.1334    -2.3605    -2.1320    -4.4236    -3.1318    -0.9650    
5.2002     -1.5276    -1.4000    -1.9126    -1.7357    -2.6870    -4.9752    -0.8252    -1.8464    -3.5750    3.9977     -1.7730    -3.7340    -3.3733    -1.0605    
9.3744     -0.1846    0.2486     -0.8907    -1.2041    -2.6550    -4.7783    -0.5103    -1.6621    -3.4392    2.3557     -1.5130    -3.4712    -2.6525    -0.2055    
-0.3957    -0.9150    -1.5704    -0.6724    -1.2686    -2.9421    -4.6889    -0.6374    -1.9285    -3.5609    2.9817     -1.3870    -3.0174    -2.8567    -1.1443    
-1.5517    -1.3454    -1.6745    -1.6837    -1.3460    -2.3815    -4.6623    -0.6268    -1.5431    -3.5411    -0.6100    -1.5940    -3.5260    -3.9677    -1.1786    
4.8542     0.0075     1.0292     -0.5335    -1.0222    -2.8524    -3.1175    -0.6600    -1.4337    -2.9301    1.3019     -1.3120    -3.4433    -4.0521    -1.3453    
3.5328     -1.1358    -1.6093    -1.1680    -1.1811    -1.9756    0.5526     -0.4516    -0.9232    -1.6533    -0.9749    -1.1420    -3.4389    -3.7019    -1.7552    
1.9253     -1.0182    -1.8595    -0.7867    -1.0033    -2.3091    -0.8851    -0.5169    -0.8689    -1.6280    2.4882     -1.0040    -2.6882    -3.7843    -1.5017    
7.0223     -0.8202    0.8712     -0.5913    -0.8899    -2.1190    -0.3919    -0.4898    -1.2103    -2.5029    3.6162     -1.1730    -2.3133    -3.3345    -1.6834    
1.2566     -0.4233    -1.4202    -0.1063    -0.7034    -2.2701    -2.0758    -0.4305    -1.2238    -3.0504    -2.3283    -1.0330    -2.4513    -3.7008    -1.0030    
0.5490     -0.7270    -2.0380    -0.8239    -0.9047    -2.1725    -1.8732    -0.3270    -0.9845    -2.1831    -3.0781    -1.1940    -3.2040    -3.4613    -0.7459    
