0.6303     -2.3656    -3.2986    -1.9058    -1.7915    -1.8181    -1.7409    -0.7880    -1.1858    -1.0426    -0.7493    -0.3690    -0.3026    -0.2340    -0.0970    
-3.7914    -2.4672    -3.6004    -2.0113    -1.6946    -1.5005    -1.6795    -0.6670    -0.8266    -0.7362    -1.1302    -0.1833    -0.2883    -0.1660    -0.1662    
-0.1154    -2.0285    -2.3452    -1.9622    -1.5972    -1.3323    -1.6699    -0.6738    -0.7606    -0.5441    0.2713     -0.0382    0.3541     -0.2430    -0.3188    
-1.3890    -1.6521    -1.5425    -1.6859    -1.3174    -1.4008    -2.0814    -0.4750    -0.6902    -0.8217    -0.5371    -0.2530    -0.3410    -0.2150    -0.2774    
-2.1195    -2.2168    -2.9845    -2.0224    -1.7503    -1.9365    -1.6241    -0.7406    -0.9260    -0.2616    -0.2189    -0.3384    -0.4208    -0.5430    -0.3714    
-1.6642    -2.8266    -3.6401    -1.6735    -1.7907    -2.5043    -1.6763    -0.8474    -0.8589    -0.8966    -1.2634    -0.6230    -1.2353    -0.3302    -0.1677    
4.2036     -2.6734    -3.5456    -2.0683    -1.6260    -2.1383    -1.0341    -0.5400    -0.3721    0.2198     -0.8642    -0.1013    -0.2716    -0.5797    -0.2710    
-0.5458    -2.4821    -3.4001    -2.0502    -1.6807    -1.5715    -1.4719    -0.6960    -0.6710    -0.7129    -1.1764    -0.3040    -0.3606    -0.5420    -0.2326    
-2.8014    -2.6954    -3.4233    -2.3347    -1.7227    -1.9039    -2.4886    -0.8000    -0.6462    -0.2006    -1.6738    -0.2880    -0.0182    -0.9890    -0.4653    
0.6408     -2.4797    -1.7143    -2.0859    -1.6334    -1.9084    -1.7786    -0.5970    -0.0895    0.5042     -0.8332    -0.1078    0.3931     -0.6500    -0.3634    
2.6141     -2.5291    -2.8558    -2.2955    -1.8413    -1.8096    -2.3351    -0.7180    -0.5473    -0.2684    -1.6245    -0.2158    -0.0853    -0.8560    -0.3180    
-1.9473    -2.8013    -3.2916    -2.1797    -1.7341    -1.1987    -1.0140    -0.7500    -0.5455    -0.3358    -0.9328    -0.2640    -0.2710    -0.7080    -0.3720    
