-34.223
-31.729
-22.641
-19.0525
-22.26
-22.8735
-26.8175
-21.353
-28.243
-26.714
-31.0745
-26.2585
-21.821
-22.913
-3.509
-11.402
-27.799
-24.363
-16.741
-16.976
-27.418
-8.356
-18.554
-21.8265
-20.9845
-24.6575
-18.451
-21.4765
-21.682
-28.6445
-15.755
-8.5835
-12.616
-8.9035
-11.9435
-16.6265
-28.695
-26.432
-30.8255
-19.8295
-24.9535
-10.4945
-19.0975
-8.3195
-17.6745
-17.104
-9.365
-12.847
-14.2845
-15.9085
-12.279
-1.8755
-10.2525
-14.291
-2.279
-8.0675
-7.8775
-4.754
-9.772
0.517
3.007
0.046
-10.019
-16.712
-13.148
0.277
-16.063
-11.852
-13.8195
-6.225
-9.0655
-8.1435
-12.33
-9.82
-17.437
-10.748
-9.3165
-2.452
-1.024
-9.2115
-17.4185
-19.097
-14.504
-12.5285
-18.405
-12.2355
-19.7275
-14.5305
-21.1105
-17.426
-22.7715
-24.1025
-10.6725
-12.9695
-19.0805
-20.332
-21.239
-18.2675
-17.1785
-24.874
-10.3425
