-3.851
-2.4485
-0.451
1.3195
-9.791
-0.513
-7.526
-2.405
-5.8865
-8.8425
-9.214
-11.676
-10.2565
-7.287
-9.5025
-1.484
4.299
-2.865
5.627
0.903
-4.642
-1.945
-18.2725
-8.829
-4.718
-5.33
-11.118
-5.366
0.13
5.4715
3.226
-5.584
-7.183
-0.4065
-9.6055
-10.356
-12.6975
-3.6225
-3.264
-3.9685
-6.8095
1.093
2.5015
-7.529
-7.719
-6.6435
-9.123
-8.9175
-11.947
-3.2965
-8.8685
-4.654
-1.522
-1.68
-5.8805
-3.3045
0.4665
-4.4045
-5.3835
1.4045
-2.111
-11.034
-6.933
-2.26
-1.317
0.38
5.05
7.2515
-0.053
2.2105
0.235
-2.9755
-5.847
0.769
-10.446
-2.061
0.9625
5.603
-2.9575
-4.469
-0.299
0.9245
-4.286
3.478
-6.8145
-5.373
-6.367
2.315
-2.569
-1.206
-0.0055
-3.3165
0.883
-0.473
-4.183
-7.837
-5.991
-2.0555
-0.324
-4.6635
0.634
