-33.7175
-14.881
-12.5815
-11.513
-17.7265
-16.2385
-19.6795
-29.097
-24.1215
-16.5005
-24.3105
-19.2705
-28.197
-16.7055
-30.043
-27.5535
-21.203
-35.2235
-29.312
-32.313
-34.936
-24.41
-32.7655
-24.9975
-21.843
-21.134
-20.6655
-31.5865
-20.048
-22.1025
-43.543
-28.2845
-24.2265
-33.7645
-26.082
-31.2895
-37.189
-26.62
-30.623
-27.8985
-32.1565
-26.0435
-26.0825
-17.936
-27.777
-18.9955
-14.428
-17.674
-29.4585
-22.489
-20.315
-19.9975
-13.553
-14.2355
-28.668
-26.798
-19.875
-30.7035
-18.481
-28.414
-31.626
-28.1975
-17.2745
-29.917
-29.646
-19.999
-14.1865
-11.3225
-12.813
-19.2245
-17.9085
-22.8995
-20.123
-33.366
-21.8285
-14.796
-15.685
-24.544
-24.794
-14.7825
-12.5245
-20.903
-21.4685
-20.1775
-22.6515
-10.328
-20.3525
-24.3765
-19.2615
-18.833
-25.6505
-25.665
-19.832
-23.753
-14.5805
-19.5125
-17.3045
-16.228
-23.203
-13.552
-15.651
