-33.929
-29.571
-31.991
-26.531
-24.937
-30.7285
-24.7325
-21.64
-18.572
-18.754
-22.147
-10.188
-8.526
-10.0385
-13.5015
-25.018
-23.2375
-22.738
-23.617
-18.601
-26.9945
-28.659
-25.901
-23.456
-23.892
-21.675
-21.371
-18.871
-25.943
-32.6675
-30.571
-29.974
-30.5545
-23.1345
-31.445
-26.074
-26.1335
-23.305
-17.808
-25.616
-32.091
-31.279
-22.104
-17.3085
-21.209
-28.519
-23.393
-24.0205
-21.9335
-25.806
-33.9995
-22.2615
-28.333
-21.407
-29.789
-28.241
-27.4715
-23.145
-23.269
-25.696
-17.9355
-24.621
-18.691
-22.6565
-22.257
-20.412
-24.202
-17.9545
-25.293
-19.5395
-15.872
-21.8245
-15.7805
-25.339
-18.2145
-22.2285
-22.7035
-20.1
-19.922
-31.194
-23.156
-21.4185
-27.4435
-20.1355
-16.522
-20.3995
-20.0985
-28.462
-7.4285
-23.582
-23.4145
-18.66
-21.6215
-23.846
-12.564
-15.2415
-19.126
-18.1135
-21.936
-17.0755
-20.002
