-1.2443    -0.9520    -1.5444    -1.3380    -1.1058    -0.6340    -1.6812    -0.3680    -0.5440    -0.8030    -1.1850    -0.7640    -1.5360    -0.7584    -1.3210    
-1.2602    -0.6990    5.6411     -2.3693    -1.2024    -0.5755    -1.4458    -0.6710    -0.5949    -0.5280    -0.4330    -0.7790    -0.6580    -1.3382    -1.7870    
-1.1104    1.0538     10.8271    -0.5230    -0.3566    -0.3905    -0.8196    -0.2155    -0.4277    -0.8506    -1.4980    -0.8266    -1.7800    -0.5818    -1.6858    
-1.0087    -1.1760    -1.3260    -1.2250    -1.4709    -0.7430    -1.1009    -0.5831    -0.4244    -0.4540    -1.0732    -0.8690    -1.2420    -1.3887    -1.8830    
-0.9167    -0.4112    3.0424     -0.7803    4.6335     -0.3563    -1.1505    -0.3675    -0.2786    -0.6094    -0.4853    -0.7040    -1.1120    -0.8331    -1.5512    
-1.2015    -1.1271    0.1294     -0.9046    -0.0894    -0.6787    -1.2509    -0.5070    -0.7460    -1.2725    -0.8271    -1.1540    -1.7650    -1.3027    -2.4372    
-0.8453    -0.7922    -1.5764    -1.1519    -1.4937    -0.6750    -1.0641    -0.4620    -0.5499    -0.9312    -0.6528    -0.9770    -1.3547    -0.8550    -1.8081    
-0.3398    -1.1070    -0.5701    0.1356     0.1888     -0.7065    -0.8755    -0.4630    -0.6843    -1.2751    -0.8241    -0.9130    -1.4403    -0.8439    -1.7899    
-1.8387    -0.9666    -0.4166    -1.5516    -2.0186    -0.8260    -1.1378    -0.5570    -0.6301    -0.5541    -0.7401    -1.2000    -1.6596    -1.2309    -2.4136    
-0.0215    -0.7729    1.7541     -0.5205    2.2324     -0.3955    -0.7576    -0.4429    -0.5146    -0.9593    -0.7621    -1.0240    -2.1120    -0.7726    -2.0148    
-1.7188    -1.2590    -0.3710    -1.2870    -1.5712    -0.7701    -1.3889    -0.4810    -0.7305    -1.2592    -1.0024    -0.8840    -1.9147    -1.0430    -1.6706    
-1.3410    -0.8452    0.4305     -0.9960    -1.0155    -0.5700    -0.7777    -0.3260    -0.4300    -0.6271    -0.7514    -0.6480    -1.3976    -0.6083    -1.2747    
