    -4.71068                0
    -4.51841                0
    -4.32614                0
    -4.13386                0
    -3.94159                0
    -3.74932      2.28897e-06
    -3.55705      0.000897349
    -3.36477        0.0135047
     -3.1725         0.213679
    -2.98023          2.40433
    -2.78795          16.8224
    -2.59568          80.5868
    -2.40341          261.664
    -2.21114          566.004
    -2.01886          845.662
    -1.82659          990.703
    -1.63432          1021.27
    -1.44205          980.413
    -1.24977           917.65
     -1.0575          882.826
   -0.865227          869.674
   -0.672955          853.581
   -0.480682           821.41
   -0.288409          761.836
  -0.0961364          694.376
   0.0961364          694.435
    0.288409          762.691
    0.480682          822.175
    0.672955          854.771
    0.865227          871.176
      1.0575          886.014
     1.24977          926.803
     1.44205          982.098
     1.63432          1019.09
     1.82659          976.654
     2.01886          824.097
     2.21114           557.54
     2.40341          274.014
     2.59568          90.5911
     2.78795          20.1877
     2.98023          3.01666
      3.1725         0.304146
     3.36477        0.0260362
     3.55705       0.00235324
     3.74932      0.000139508
     3.94159                0
     4.13386                0
     4.32614                0
     4.51841                0
     4.71068                0
