    -4.77817                0
    -4.58315                0
    -4.38812                0
    -4.19309                0
    -3.99806                0
    -3.80304                0
    -3.60801      4.54953e-05
    -3.41298       0.00495119
    -3.21795         0.134516
    -3.02293          1.81237
     -2.8279          13.7549
    -2.63287          70.4822
    -2.43784          241.189
    -2.24282          544.093
    -2.04779          831.257
    -1.85276          981.756
    -1.65773          1025.34
    -1.46271          987.688
    -1.26768          923.886
    -1.07265          886.931
   -0.877624           871.69
   -0.682596          855.182
   -0.487569           824.05
   -0.292541          766.261
  -0.0975137            697.2
   0.0975137          693.696
    0.292541          760.735
    0.487569          822.702
    0.682596           854.94
    0.877624          873.022
     1.07265          892.201
     1.26768          929.596
     1.46271          990.082
     1.65773          1017.33
     1.85276          960.722
     2.04779          806.972
     2.24282          539.484
     2.43784          257.641
     2.63287          84.2556
      2.8279          18.6197
     3.02293          2.68553
     3.21795         0.229299
     3.41298        0.0115427
     3.60801      0.000140933
     3.80304                0
     3.99806                0
     4.19309                0
     4.38812                0
     4.58315                0
     4.77817                0
