    -4.68961                0
     -4.4982                0
    -4.30678                0
    -4.11537                0
    -3.92396                0
    -3.73255                0
    -3.54113      0.000540604
    -3.34972         0.014845
    -3.15831         0.235145
     -2.9669          2.29262
    -2.77548          15.5601
    -2.58407           75.531
    -2.39266          253.457
    -2.20124          559.904
    -2.00983          838.548
    -1.81842          981.603
    -1.62701          1018.92
    -1.43559          978.852
    -1.24418          916.704
    -1.05277           881.96
   -0.861357          869.628
   -0.669944           853.16
   -0.478531          822.069
   -0.287119          762.472
  -0.0957063          694.106
   0.0957063          695.327
    0.287119          763.037
    0.478531          822.183
    0.669944          854.276
    0.861357          870.882
     1.05277          883.834
     1.24418          921.996
     1.43559           988.64
     1.62701          1021.49
     1.81842          972.314
     2.00983          830.433
     2.20124          555.499
     2.39266          253.656
     2.58407          76.7702
     2.77548           16.934
      2.9669          2.82727
     3.15831         0.350742
     3.34972        0.0331769
     3.54113       0.00121364
     3.73255      2.28193e-06
     3.92396                0
     4.11537                0
     4.30678                0
      4.4982                0
     4.68961                0
