-35.012
-25.449
-24.5245
-27.6865
-17.211
-30.3905
-20.7895
-26.144
-20.618
-22.2515
-23.9175
-25.5675
-18.2305
-20.4735
-24.0095
-28.3695
-17.0815
-18.6445
-16.6155
-14.786
-15.399
-15.651
-20.0745
-22.2795
-21.005
-13.4415
-18.749
-14.4845
-17.5
-10.8565
-0.7005
-4.44
-14.325
-6.7695
-20.941
-16.7305
-15.537
-11.448
-16.9055
-21.3245
-21.711
-19.984
-18.4735
-15.518
-23.981
-16.9045
-13.875
-24.531
-27.8015
-22.7665
-18.6495
-19.966
-21.6335
-24.128
-25.17
-24.178
-24.481
-22.369
-19.198
-19.5405
-23.4935
-30.316
-21.818
-19.7565
-19.7125
-23.8325
-30.3535
-32.067
-30.8225
-33.9475
-29.525
-33.183
-35.931
-27.6295
-24.1085
-27.4805
-35.2075
-22.5255
-25.429
-31.4565
-29.815
-31.4775
-25.3585
-26.334
-27.483
-34.373
-29.801
-31.3145
-38.6415
-33.654
-40.5175
-44.5925
-39.797
-28.706
-23.8445
-27.827
-27.9545
-28.7285
-27.5985
-24.4775
-23.138
