-30.558
-30.004
-26.264
-25.984
-28.965
-21.7545
-24.3725
-26.2425
-19.11
-17.323
-22.835
-25.733
-26.736
-25.846
-30.4355
-18.9645
-31.6975
-17.065
-22.3505
-22.1545
-22.4855
-21.729
-24.045
-26.139
-18.854
-26.8065
-29.1185
-17.316
-17.179
-22.324
-15.346
-12.2435
-19.665
-21.902
-19.7855
-15.324
-21.548
-21.341
-17.355
-19.658
-15.1275
-11.9885
-17.429
-17.944
-16.355
-12.5695
-11.6665
-13.391
-14.8735
-15.095
-15.885
-17.647
-12.33
-22.536
-18.123
-18.488
-14.987
-9.278
-9.423
-13.253
-14.1195
-9.3515
-9.942
-16.715
-19.007
-16.077
-20.5045
-11.22
-19.485
-14.709
-12.918
-11.395
-11.725
-15.4805
-15.8035
-11.038
-7.8275
-13.6935
-15.6345
-11.717
-9.018
-13.443
-9.106
-14.35
-16.191
-8.5595
-12.5565
-16.289
-10.66
-4.902
-9.423
-12.317
-13.361
-23.038
-14.071
-12.93
-11.124
-14.277
-7.6525
-7.8
-18.001
