6.408
0.185
0.06
-4.263
-8.014
-5.2595
-3.9315
-5.8
-3.754
-7.095
4.172
-6.151
-12.907
-2.038
-0.7025
-5.989
-7.079
-10.1645
-6.997
0.505
-0.5985
-9.2565
-7.0055
-6.162
-6.964
-1.82
-6.732
-4.052
-4.3665
-2.498
-2.89
-3.647
-3.614
-4.185
-1.561
-10.744
-17.044
-12.989
-7.77
-2.295
-2.453
2.016
-3.817
3.252
5.675
-4.053
-4.932
-6.7955
1.027
-3.1365
-7.773
-10.371
-9.3985
-8.2295
-6.75
-2.96
-5.614
7.977
-2.692
-5.113
-9.005
6.592
-4.759
5.621
0.062
1.779
-3.428
-2.327
0.09
4.807
-13.744
4.284
-5.125
-3.726
-1.829
-8.6875
-3.0925
-8.486
2.7725
-1.441
-5.18
-13.97
-16.097
-7.181
-13.268
-9.39
-8.5715
-11.458
-11.955
-13.894
-13.746
-10.589
-2.081
-4.3345
-10.0205
3.946
-4.9405
7.884
-1.733
-1.144
-3.604
