-13.055
-20.746
-16.229
-18.6535
-19.8425
-18.142
-23.5525
-18.0315
-16.891
-27.4055
-23.189
-13.9405
-11.657
-19.513
-6.382
-9.57
-11.047
-12.6395
-16.3125
-16.5065
-9.3385
-19.279
-7.203
-16.0825
-13.9335
-1.4565
-14.8135
-10.1
-14.4165
-10.8875
-20.7515
-9.795
-14.8835
-16.4095
-14.606
-15.7515
-13.7095
-18.8995
-12.607
-19.26
-9.1185
-7.5495
-12.7915
-18.9
-19.8995
-19.4685
-8.9135
-12.9465
-17.3635
-10.2575
-6.648
-5.7355
-3.474
-11.2885
-10.4565
-9.681
-16.887
-9.713
-13.8235
-7.762
-12.696
-16.5035
-2.968
-10.834
3.218
-9.342
-15.5765
2.396
-6.2755
-14.62
-11.789
-2.0555
-13.581
-13.34
-13.017
-7.541
-15.8455
-6.462
-13.878
-5.74
-3.641
-8.38
-8.464
-9.733
-9.562
-11.7885
-7.94
-11.36
-21.004
-10.946
-11.457
-5.4575
-10.573
-13.306
-12.113
-22.7375
-15.559
-10.8475
-17.548
-8.966
-11.266
