-13.8665
-15.8175
-14.3295
-9.779
-7.8575
-14.299
-8.296
-15.046
-16.672
-17.51
-14.945
-25.898
-18.047
-22.966
-18.4285
-23.809
-21.7635
-19.0085
-18.06
-16.7635
-11.7895
-14.498
-18.03
-18.1945
-5.7685
-20.6965
-14.4395
-12.42
-19.6765
-17.5605
-19.102
-11.4355
-14.5905
-24.4555
-14.556
-17.3745
-11.1495
-9.248
-12.996
-22.1155
-13.831
-16.3015
-23.578
-9.387
-11.818
-16.7225
-7.4055
-0.1355
-7.3975
-6.568
-12.705
-16.4235
-13.1425
-6.536
-16.69
-8.684
-5.7665
-7.263
-18.281
-5.134
-4.834
-4.426
-9.8245
-12.02
-16.5815
-7.985
-15.7055
-13.861
-15.095
-17.5705
-25.1735
-17.3025
-15.0835
-9.8285
-18.1525
-15.773
-15.461
-11.5235
-20.0865
-12.386
-16.3295
-17.4695
-17.173
-10.6295
-19.058
-23.865
-26.756
-7.597
-12.378
-19.6025
-11.616
-12.576
-17.4245
-13.435
-15.2235
-5.2555
-12.6555
-18.954
-10.263
-17.5515
-10.8975
