-23.112
-21.144
-21.0985
-23.071
-29.417
-16.344
-19.4185
-17.873
-25.121
-23.5825
-19.417
-25.454
-34.359
-26.045
-18.692
-18.911
-21.907
-28.586
-30.4145
-17.876
-20.325
-23.0925
-19.658
-22.829
-27.787
-23.318
-29.35
-24.588
-19.391
-22.1555
-17.4295
-19.091
-20.342
-18.454
-22.197
-26.175
-17.928
-25.609
-16.715
-19.4635
-19.545
-18.601
-9.108
-5.5895
-13.7615
-15.408
-10.3395
-9.6155
-11.295
-18.3545
-11.9945
-15.904
-20.7515
-15.219
-16.6295
-10.063
-11.809
-13.841
-11.451
-18.087
-13.8935
-15.417
-9.967
-19.7235
-12.377
-20.1885
-16.0935
-11.58
-23.5755
-18.885
-23.261
-26.353
-28.8735
-20.606
-32.9545
-28.242
-26.3805
-18.188
-21.589
-14.9155
-20.257
-23.0525
-28.381
-28.082
-36.885
-27.98
-20.045
-29.38
-23.3275
-31.1355
-24.006
-23.661
-25.7615
-22.889
-19.16
-34.452
-22.9725
-31.3445
-22.439
-29.319
-23.98
