-18.893
31.2955
-19.036
-17.0375
-27.4385
-23.9035
-29.9095
-21.9225
-27.398
-1.832
-25.9575
-29.1595
-19.145
-31.8095
13.32
-7.3235
-20.856
-19.859
-27.504
-3.954
-30.7715
-29.5975
-31.315
-20.7205
-22.4355
1.114
-22.7745
-34.5475
-15.956
-35.363
-27.555
-26.0265
-20.2835
-23.6585
22.151
-21.476
-30.7125
-26.657
47.7285
-29.973
-34.111
-26.1115
-30.1805
-22.339
-17.629
-14.498
-35.1075
-5.0635
-16.4445
-26.2025
-24.4355
-24.077
-22.3385
-14.737
-12.9005
-20.6985
0.8415
-2.5485
-21.8985
-11.104
17.4385
-17.3805
-7.761
-16.8265
22.8925
-17.326
-20.113
2.538
-21.9895
-25.133
-19.5285
8.925
-22.481
-11.805
-27.8255
14.793
-24.1505
-33.3225
-25.0695
-30.414
16.2395
-26.578
-35.416
-25.5615
-25.8405
-28.9995
-24.058
-36.564
-31.3955
-33.273
-36.313
-0.195
-3.7715
-23.174
-11.908
-31.014
-20.2575
-13.469
-21.8075
-13.9025
1.6065
