-11.268
-18.7555
-14.589
-15.1715
-28.326
-30.6635
-24.892
-27.3105
-28.2445
-16.3105
-18.2165
-24.336
-25.1495
-27.752
-29.9915
-24.1825
-27.0075
-19.8845
-13.7745
-19.676
-17.6075
-15.0255
-17.773
-12.837
-15.269
-9.3485
-14.244
-7.019
-17.388
-15.9895
-19.6135
-16.124
-13.46
-18.869
-10.308
-11.136
-18.5015
-20.548
-27.538
-16.744
-17.197
-13.7575
-16.5615
-6.641
-8.024
-11.432
-15.057
-22.2505
-27.2655
-17.8725
-15.099
-14.781
-14.7995
-17.1025
-7.874
-14.296
-11.6615
-15.131
-16.0395
-21.9975
-10.961
-10.733
-18.0145
-14.54
-19.4955
-12.5335
-13.8165
-15.065
-16.17
-21.7445
-18.839
-19.438
-13.8945
-12.4455
-21.8715
-21.639
-17.828
-12.124
-31.59
-19.7295
-14.216
-14.2585
-16.4855
-24.206
-21.5185
-19.866
-23.28
-22.666
-23.2455
-9.416
-8.7615
-10.2175
-7.5835
-12.643
-9.934
-6.1375
-13.979
-16.656
-27.295
-11.2645
-9.3955
