-22.6615
7.5795
-22.917
9.9075
-31.0335
12.2645
-21.51
-12.1735
-30.515
-24.5665
-30.7755
-27.8565
-26.1175
-27.4695
-20.313
-20.704
-26.3215
-20.1885
-18.29
-23.964
-18.428
-15.4035
-15.9465
-22.301
-15.198
-15.7395
21.3945
-12.5775
21.959
-28.5435
-21.2715
-35.5075
-31.5345
-26.987
-26.9225
-38.478
-30.181
-41.005
-27.9655
-29.512
-33.287
-10.28
-31.9545
-18.5255
-22.261
8.127
-15.072
-26.1895
16.644
-11.7765
-29.27
-41.364
-26.3955
-32.545
-30.744
-17.3835
-40.4045
-39.3305
-35.24
-33.353
-32.3345
-35.3425
-36.5315
-17.436
-29.6005
-35.1375
-35.5765
-29.8185
-24.726
-22.946
-22.7055
-22.8785
-29.6055
-31.384
32.4545
-19.3165
-26.2575
-30.9125
-9.4915
13.2775
50.535
-21.2115
6.363
7.826
-12.5585
-13.054
-26.5435
-34.539
-0.255
-27.081
-21.949
-27.025
-15.2995
-19.7115
32.2225
-23.9005
-20.682
-25.5295
-22.286
-30.9915
-7.0655
