-4.669
-6.389
-4.142
-2.863
-3.086
-7.513
-3.026
-0.806
-0.618
-2.376
1.78
-2.811
-1.765
0.0905
-7.2365
-6.871
-4.014
-11.579
-13.5005
-9.3335
-9.262
-8.1125
-4.644
-14.214
-10.3085
-15.123
-16.522
-14.912
-9.136
-8.07
-5.019
-2.865
-4.16
-3.666
-5.728
-3.874
-4.3885
2.08
2.14
-2.423
-10.34
-8.899
-5.1315
-17.429
-7.596
-4.882
-5.157
-2.745
-8.609
-12.337
-1.5825
-4.507
-1.71
-10.917
-7.031
-3.729
-2.612
-7.693
-6.213
-9.281
-8.502
-9.9935
-10.1385
-7.205
-8.953
-1.35
-4.819
-11.7115
-2.932
4.2155
2.111
1.343
4.301
0.127
0.895
-5.1285
-3.823
-8.243
-0.0815
-2.3925
-7.5435
-10.686
-10.0
-7.8675
-5.25
-4.091
-13.019
-12.148
-2.076
-7.284
-8.219
-8.389
-8.352
-11.814
-14.877
-10.691
-17.714
-19.689
-8.917
-17.99
-15.1145
