-9.8485
-10.561
-7.795
-6.413
-12.0635
-17.6705
-26.516
-20.782
-18.501
-26.1675
-17.316
-11.7855
-15.745
-6.5115
-6.5895
-20.8475
-26.313
25.1495
-17.1885
-12.6085
23.124
-24.2855
-11.5855
-23.8645
-26.798
-5.4445
23.3815
4.845
33.9885
-23.484
-23.108
-19.934
-29.4255
-23.59
-19.8415
-16.5995
-18.8305
-32.988
-25.9925
-21.3175
-26.4035
-34.5495
-17.4665
-30.6695
-17.641
-18.5145
-24.728
38.0255
-15.96
-16.673
-20.9565
-18.185
-27.5865
-16.4865
38.474
-21.4245
55.8465
-22.8315
-19.98
-28.028
-11.971
-18.657
24.1995
6.392
-6.743
-13.594
-22.333
21.7865
-20.628
-22.093
-17.511
-12.1285
-17.239
14.925
-22.112
-24.213
-16.9305
-19.682
15.798
-19.5335
-20.2955
39.7425
-5.6945
32.0565
12.742
19.3815
51.601
13.2485
25.584
-7.9665
-13.137
-26.3095
29.146
-33.8355
23.099
37.7045
0.0815
-27.8625
-28.5895
-29.502
-27.2255
