-4.351
5.6005
1.1615
-12.4825
-15.684
-11.209
-9.5705
-5.792
-7.9805
-4.744
-8.5955
-8.7765
-3.644
-4.946
-9.349
-8.171
-3.598
-16.5585
-15.633
-10.071
-14.7125
-4.457
-15.723
-1.432
-10.821
-3.4265
-12.904
-17.029
-18.043
-23.974
-22.8085
-20.0755
-1.0205
-5.909
-8.506
-11.654
0.601
5.948
34.957
22.2805
9.513
1.1585
37.3985
-0.273
16.289
44.0295
-4.1845
-1.314
-27.6095
-23.0215
-24.7285
-15.4805
-14.421
-10.047
-15.335
-27.903
-28.5595
-11.6915
-2.192
-13.378
-15.0715
-13.0065
-14.665
-14.329
-16.9415
-22.21
-14.8615
-14.03
-11.4175
-13.773
-28.2565
-17.665
-1.2415
-15.1975
-15.9235
-8.0755
-0.807
5.47
-8.442
-18.4825
-18.188
-12.845
-10.406
-12.545
-8.2745
-8.906
-9.968
-8.956
-0.0625
-1.0805
-4.168
-1.1165
2.823
-8.8355
-14.779
-9.888
-15.2545
-8.0885
-12.732
0.0025
0.681
