-13.7365
-28.3465
-23.277
-16.98
-16.4
-26.037
-20.2265
-23.3875
-22.794
-15.9825
-11.218
-25.994
-20.2665
-30.759
-14.825
-25.593
-22.7835
-24.5865
-21.48
-21.528
-18.4985
-11.0075
-14.3295
-18.4445
-10.65
-19.345
-16.678
-14.297
-18.2175
-20.525
-18.348
-8.9825
-22.476
-20.6315
-29.1605
-15.843
-8.487
-17.956
-14.2545
-11.8635
-18.157
-18.612
-21.469
-23.323
-18.9005
-14.3895
-10.51
-23.0855
-35.1215
-23.6255
-33.732
-23.758
-19.2795
-18.9195
-15.923
-19.0
-19.6325
-23.474
-17.2445
-18.541
-23.3355
-11.2015
-25.373
-22.539
-23.1885
-5.2625
-19.318
-14.857
-24.0065
-15.2965
-22.4155
24.415
-22.629
-19.0905
-31.3155
6.127
-28.659
-12.978
-22.6875
-28.685
-17.7815
-23.802
-25.485
-21.3935
-19.436
-41.383
-15.0435
-22.6485
-25.42
-23.428
-23.0015
-24.955
-20.344
-12.7475
-21.8575
-21.4825
-16.519
-10.108
-19.663
-18.6225
-17.599
