-8.925
-9.001
-11.14
-9.302
-10.423
-11.386
-9.733
-11.459
-11.22
-7.0235
-4.223
-3.137
-6.6115
-12.757
-13.063
-10.536
-8.456
-8.607
-7.308
-2.9765
-3.09
-7.94
-10.294
-6.2055
-5.495
-2.552
-7.87
-5.9855
-0.98
-3.047
-5.058
-9.642
-9.598
-10.379
-10.552
-5.282
-13.475
-11.622
-14.669
-7.197
-4.688
-1.546
-7.747
-7.864
-10.244
-7.996
-4.084
-5.6485
-5.8365
-5.46
-5.6415
-6.576
-11.141
-8.894
-7.612
-4.075
-7.519
-6.594
-4.61
-8.6165
-8.8495
-16.804
-14.718
-18.4875
-11.287
-15.095
-3.693
-12.87
-17.153
-16.968
-12.246
-16.378
-16.813
-8.8025
-19.145
-18.934
-7.772
-10.702
-16.1
-12.544
-10.921
-9.069
-10.52
-14.11
-13.406
-10.403
-11.348
-13.9605
-6.05
-17.36
-15.5145
-16.278
-14.1895
-16.578
-13.0365
-16.708
-19.473
-14.95
-17.889
-10.756
-13.806
