-1.5725    -2.7365    -2.6660    -1.3660    -1.8701    -2.6501    -0.6540    -0.5990    -1.4463    -0.2532    -0.4439    -0.2560    -0.2769    -0.2060    -0.1580    
-1.4899    -2.5316    -3.0788    -1.6270    -1.7576    -2.5540    -0.9697    -0.7570    -0.8776    -0.6119    -0.5360    -0.4020    -0.3700    -0.2420    -0.2310    
-1.1314    -2.8735    -1.7211    -1.7710    -2.2177    -2.5969    -1.0231    -0.9660    -1.7335    -0.8320    -0.6390    -0.6220    -0.5110    -0.3660    -0.2830    
-1.7310    -3.2729    -2.8113    -2.0140    -3.0641    -4.2932    -1.4220    -1.1690    -2.5385    -0.8998    -0.8574    -0.5179    -0.5390    -0.4340    -0.2048    
-1.5569    -2.8144    -0.8307    -2.0377    -2.5628    -3.5621    -1.2121    -1.1060    -2.2135    -0.9600    -0.9002    -0.8610    -0.5820    -0.4350    -0.3870    
-2.3040    -3.2815    -2.0834    -2.0405    -2.7502    -4.1568    -1.3750    -1.1460    -2.2326    -1.6715    -1.2134    -1.0843    -0.5909    -0.4620    -0.4400    
-1.2652    -2.7970    -2.7237    -1.4526    -2.4141    -4.1250    -1.2091    -1.0740    -2.3852    -1.6275    -0.8643    -1.5691    -0.5034    -0.6090    -0.6900    
-1.2161    -3.0438    -0.6923    -1.8550    -2.4492    -2.7769    -0.9446    -0.9910    -1.6004    -0.7436    -0.5753    -0.5390    -0.4260    -0.3410    -0.2450    
-1.1820    -3.2053    -3.6400    -1.7240    -2.2667    -3.0099    -0.7362    -0.9590    -1.5283    -0.6420    -0.4908    -0.3340    -0.2980    -0.2050    -0.1290    
-1.4361    -2.7125    -3.0936    -1.5546    -2.2194    -2.6024    -0.8592    -1.0206    -1.3425    -0.6354    -0.6657    -0.5100    -0.4540    -0.3350    -0.2420    
-1.5630    -2.8246    -2.3829    -1.7640    -1.8319    -2.2766    -0.9697    -0.9020    -0.8875    -0.4737    -0.5942    -0.4800    -0.2640    -0.1000    -0.2340    
-1.2356    -3.0516    -2.8578    -1.5170    -2.1920    -2.2241    -0.9405    -1.0120    -1.4072    -0.7430    -0.7116    -0.6160    -0.8360    -0.2560    -0.2160    
