4.5866     6.2553     6.0928     3.1466     11.9329    6.5399     -0.6665    0.4728     3.7315     2.1968     0.0522     8.8039     -0.1588    5.7743     3.5719     
0.3254     2.6118     7.4891     -0.1269    13.2180    1.1420     -1.0812    6.0244     6.3663     0.9846     -0.0673    10.4479    -0.6355    0.5546     5.9966     
3.9666     8.6183     10.6298    -0.0116    17.4236    4.0358     -0.8032    2.8582     4.2885     0.3558     -0.5373    9.7664     -0.3567    6.4698     6.7609     
4.8470     11.0390    8.4277     5.7292     19.1370    8.5259     -0.4195    2.2912     4.9486     3.6245     -0.3436    9.3895     -0.0549    6.6680     8.9776     
7.2355     10.6046    9.4720     5.4563     16.6869    3.1789     -0.5751    4.1440     7.0194     -0.0179    -0.6422    5.1976     -0.5410    3.0123     0.5055     
2.6062     11.1893    7.3191     7.7629     18.2956    3.1297     0.1021     2.1096     3.3628     1.1756     0.0335     8.3615     -0.3719    5.9031     1.7575     
7.8562     12.9397    10.2818    6.8676     16.6844    2.0217     -0.7497    3.9039     3.3770     -0.1110    -0.3953    10.0034    -0.3711    9.1551     6.5645     
4.4157     10.8404    7.5627     4.6388     16.9750    3.0398     -0.5653    2.4315     5.5777     0.6853     -0.0658    10.3920    0.1046     6.5396     1.7163     
3.8820     9.1123     7.2995     9.8338     17.6829    3.7152     0.3332     2.2959     6.0090     4.1463     -0.5692    10.6039    0.2423     8.6744     5.1244     
7.2696     12.5912    10.2059    2.5923     16.7843    5.1129     -0.5927    0.3250     4.4712     1.3176     -0.4077    7.8812     0.2489     4.1161     3.5456     
3.8005     7.5676     10.4398    5.9048     15.7145    6.2785     0.3410     0.9159     5.5819     3.4614     0.2715     7.0840     0.7313     3.4095     3.1735     
8.5745     10.7101    10.0989    1.5890     16.8943    4.2429     -0.8807    1.1604     3.6314     -0.2072    -0.6504    7.2568     -0.3374    6.2619     6.7963     
