
2.3248     -0.6476    -2.4453    -2.1422    -1.7621    -2.1197    -2.9429    -0.8940    -0.8871    -1.0211    -2.4683    -0.5819    -1.0051    -0.3280    -0.3471    
1.4177     -2.0007    -2.0844    -2.2444    -2.0317    -2.0710    -2.4329    -1.1850    -1.0923    -0.9617    -2.4050    -0.4990    -0.6738    -0.3488    -0.3521    
-3.1892    -2.1148    -2.0383    -2.3678    -1.7699    -1.3278    -2.2196    -1.2500    -0.8868    -0.7995    -2.7180    -0.4840    -1.4633    -0.7550    -0.4908    
-1.6939    -1.9906    -1.7967    -3.3790    -1.8236    -1.7510    -4.0426    -1.2210    -0.9844    -1.0503    -2.0021    -0.6726    -0.9320    -0.7250    -0.7486    
-2.9562    -2.2440    -1.9620    -2.4223    -1.7141    -1.9525    -4.5234    -1.1070    -1.1037    -1.1379    -4.2046    -0.7824    -1.1816    -0.7920    -0.4668    
-1.0255    -2.3205    -1.6783    -3.2911    -1.9469    -1.4476    -4.2829    -1.5885    -1.2084    -1.0687    -4.1166    -0.8971    -0.8776    -0.8330    -0.5350    
-1.0424    -1.6190    -1.5535    -0.2352    -1.7450    -1.6314    -2.1624    -1.1490    -1.0931    -1.3330    -2.8360    -0.8180    -1.9718    -0.8740    -0.5734    
-1.7434    -1.8843    -1.7047    -2.9400    -1.7667    -1.9716    -3.4224    -1.1120    -0.9594    -1.0376    -2.9957    -0.6660    -1.1109    -0.6264    -0.4354    
-0.7419    -1.7189    -1.7455    -2.7947    -1.7698    -1.9723    -3.3802    -1.1090    -1.0310    -1.0124    -3.0830    -0.6590    -2.5087    -0.5350    -0.4185    
-0.5719    -2.0410    -1.1807    -2.9669    -1.6609    -1.5633    -2.9936    -1.1874    -0.9816    -1.3932    -2.5876    -0.7500    -1.8334    -0.7340    -0.8485    
-1.8756    -1.9337    -1.8686    -2.8374    -1.5905    -1.6703    -2.8737    -1.1432    -1.0444    -1.2675    -2.4171    -0.6055    -0.7463    -0.4450    -0.3793    
-1.4000    -1.6257    -1.9959    -2.5532    -1.6768    -2.5721    -3.2980    -1.1720    -1.2981    -1.7497    -2.5206    -0.6344    -0.6010    -0.7060    -0.7247    
-0.5894    -2.6359    -0.9720    -3.6657    -1.9833    -0.7163    -2.0484    -2.0447    -0.8405    -0.6893    -4.6004    -0.7050    -1.4267    -0.9550    -0.5620    
-2.1461    -0.3524    -0.4789    -2.5496    -1.4081    -0.7157    -4.3554    -2.3887    -1.0305    -1.0326    -4.6149    -0.8120    -1.4883    -0.9450    -0.7230    
-0.7097    -0.6820    -0.3306    -1.5671    -0.7515    -0.5018    -2.3419    -2.4696    -0.8122    -0.9930    -4.0027    -0.6990    -2.1163    -1.3630    -0.5530    
-0.5478    -0.2440    -0.1680    -1.2570    -0.9348    -0.7330    -2.7931    -2.1560    -0.8920    -1.2480    -3.4531    -0.7240    -2.3085    -1.0152    -0.4591    
-0.5027    -0.5081    -0.3172    -0.9450    -1.0937    -1.2330    -3.4712    -1.8200    -0.9787    -1.2186    -3.9445    -0.9630    -3.2836    -0.7650    -0.5333    
-0.5102    -0.0299    10.5079    -1.9439    -1.0790    -1.1000    -2.4491    -2.3540    -1.4610    -1.8360    -3.0370    -0.9140    -1.1575    -0.6198    -0.5100    
-0.2289    0.1013     0.1074     -1.7238    -1.0373    -1.1000    -2.8340    -2.1571    -1.0894    -1.5230    -3.2543    -0.9680    -1.6741    -0.5210    -0.2690    
-1.0681    -0.5090    -0.3330    -2.5055    -1.3030    -1.2150    -3.3480    -2.2400    -1.2291    -1.5360    -3.5821    -0.7930    -1.5914    -0.7070    -0.5830    
-0.1526    0.4703     2.3091     -0.7740    -0.1352    -1.0653    -4.2070    -1.8150    -1.3139    -2.2760    -4.4290    -0.9090    -2.1600    -1.0790    -0.6340    
-0.6632    1.5834     -0.8855    -0.9172    -1.0020    -1.1690    -3.8613    -2.1810    -1.3355    -1.5006    -2.8667    -0.7130    -0.9313    -0.5260    -0.3823    
-0.1836    -2.7359    2.5918     -1.7762    -1.6991    -0.9083    -4.2807    -2.3280    -1.2372    -1.6550    -3.8818    -0.9590    -2.7869    -0.7110    -0.6570    
-0.1430    0.9956     -0.1936    -2.8721    -1.3901    -1.4960    -2.8247    -1.6670    -1.0987    -1.1991    -3.1061    -0.8800    -2.0560    -0.6300    -0.4619    
-1.5725    -2.7365    -2.6660    -1.3660    -1.8701    -2.6501    -0.6540    -0.5990    -1.4463    -0.2532    -0.4439    -0.2560    -0.2769    -0.2060    -0.1580    
-1.4899    -2.5316    -3.0788    -1.6270    -1.7576    -2.5540    -0.9697    -0.7570    -0.8776    -0.6119    -0.5360    -0.4020    -0.3700    -0.2420    -0.2310    
-1.1314    -2.8735    -1.7211    -1.7710    -2.2177    -2.5969    -1.0231    -0.9660    -1.7335    -0.8320    -0.6390    -0.6220    -0.5110    -0.3660    -0.2830    
-1.7310    -3.2729    -2.8113    -2.0140    -3.0641    -4.2932    -1.4220    -1.1690    -2.5385    -0.8998    -0.8574    -0.5179    -0.5390    -0.4340    -0.2048    
-1.5569    -2.8144    -0.8307    -2.0377    -2.5628    -3.5621    -1.2121    -1.1060    -2.2135    -0.9600    -0.9002    -0.8610    -0.5820    -0.4350    -0.3870    
-2.3040    -3.2815    -2.0834    -2.0405    -2.7502    -4.1568    -1.3750    -1.1460    -2.2326    -1.6715    -1.2134    -1.0843    -0.5909    -0.4620    -0.4400    
-1.2652    -2.7970    -2.7237    -1.4526    -2.4141    -4.1250    -1.2091    -1.0740    -2.3852    -1.6275    -0.8643    -1.5691    -0.5034    -0.6090    -0.6900    
-1.2161    -3.0438    -0.6923    -1.8550    -2.4492    -2.7769    -0.9446    -0.9910    -1.6004    -0.7436    -0.5753    -0.5390    -0.4260    -0.3410    -0.2450    
-1.1820    -3.2053    -3.6400    -1.7240    -2.2667    -3.0099    -0.7362    -0.9590    -1.5283    -0.6420    -0.4908    -0.3340    -0.2980    -0.2050    -0.1290    
-1.4361    -2.7125    -3.0936    -1.5546    -2.2194    -2.6024    -0.8592    -1.0206    -1.3425    -0.6354    -0.6657    -0.5100    -0.4540    -0.3350    -0.2420    
-1.5630    -2.8246    -2.3829    -1.7640    -1.8319    -2.2766    -0.9697    -0.9020    -0.8875    -0.4737    -0.5942    -0.4800    -0.2640    -0.1000    -0.2340    
-1.2356    -3.0516    -2.8578    -1.5170    -2.1920    -2.2241    -0.9405    -1.0120    -1.4072    -0.7430    -0.7116    -0.6160    -0.8360    -0.2560    -0.2160    
4.5866     6.2553     6.0928     3.1466     11.9329    6.5399     -0.6665    0.4728     3.7315     2.1968     0.0522     8.8039     -0.1588    5.7743     3.5719     
0.3254     2.6118     7.4891     -0.1269    13.2180    1.1420     -1.0812    6.0244     6.3663     0.9846     -0.0673    10.4479    -0.6355    0.5546     5.9966     
3.9666     8.6183     10.6298    -0.0116    17.4236    4.0358     -0.8032    2.8582     4.2885     0.3558     -0.5373    9.7664     -0.3567    6.4698     6.7609     
4.8470     11.0390    8.4277     5.7292     19.1370    8.5259     -0.4195    2.2912     4.9486     3.6245     -0.3436    9.3895     -0.0549    6.6680     8.9776     
7.2355     10.6046    9.4720     5.4563     16.6869    3.1789     -0.5751    4.1440     7.0194     -0.0179    -0.6422    5.1976     -0.5410    3.0123     0.5055     
2.6062     11.1893    7.3191     7.7629     18.2956    3.1297     0.1021     2.1096     3.3628     1.1756     0.0335     8.3615     -0.3719    5.9031     1.7575     
7.8562     12.9397    10.2818    6.8676     16.6844    2.0217     -0.7497    3.9039     3.3770     -0.1110    -0.3953    10.0034    -0.3711    9.1551     6.5645     
4.4157     10.8404    7.5627     4.6388     16.9750    3.0398     -0.5653    2.4315     5.5777     0.6853     -0.0658    10.3920    0.1046     6.5396     1.7163     
3.8820     9.1123     7.2995     9.8338     17.6829    3.7152     0.3332     2.2959     6.0090     4.1463     -0.5692    10.6039    0.2423     8.6744     5.1244     
7.2696     12.5912    10.2059    2.5923     16.7843    5.1129     -0.5927    0.3250     4.4712     1.3176     -0.4077    7.8812     0.2489     4.1161     3.5456     
3.8005     7.5676     10.4398    5.9048     15.7145    6.2785     0.3410     0.9159     5.5819     3.4614     0.2715     7.0840     0.7313     3.4095     3.1735     
8.5745     10.7101    10.0989    1.5890     16.8943    4.2429     -0.8807    1.1604     3.6314     -0.2072    -0.6504    7.2568     -0.3374    6.2619     6.7963     
