-35.6045
-23.047
-33.8505
-28.1965
-23.813
-34.7765
-35.227
-28.9575
-21.536
-23.2275
-22.5655
-23.8675
-26.487
-28.003
-28.7385
-23.847
-19.7955
-24.9915
-24.283
-30.524
-26.006
-25.8515
-27.828
-23.2825
-36.5325
-26.6255
-20.837
-35.0765
-36.8765
-32.669
-30.1575
-21.9215
-28.719
-20.4785
-24.676
-18.9805
-29.176
-14.338
-21.4265
-21.4205
-28.0205
-20.2805
-25.8485
-21.8245
-15.8525
-19.814
-11.9965
-26.6305
-17.3455
-26.3305
-11.8445
-14.532
-18.2605
-24.7415
-22.207
-19.934
-23.9025
-33.43
-26.8865
-32.2495
-35.317
-30.3415
-22.147
-24.19
-9.211
-23.5355
-24.102
-17.412
-24.2875
-13.6475
-20.813
-21.638
-25.998
-19.5185
-13.265
-13.0975
-18.378
-14.1545
-10.935
-14.1625
-23.3245
-29.9105
-26.3255
-31.93
-28.6495
-23.024
-20.7525
-25.6515
-22.243
-27.797
-27.6135
-29.844
-25.2015
-17.552
-22.0205
-24.4465
-23.5885
-14.047
-20.759
-21.672
-16.5255
