-11.564
-7.214
-9.921
-13.6
-12.852
-9.654
-8.703
-12.882
-11.3605
-6.809
-8.054
-8.425
-1.866
-8.297
-3.548
-8.44
0.38
-4.244
-9.983
-7.151
-7.053
-12.115
-11.217
-10.729
-14.096
-3.285
-3.648
-15.102
-12.845
-7.754
-8.842
-9.822
-10.084
-5.774
-13.754
-11.701
-8.804
-7.486
-4.424
-8.151
-6.256
-8.537
-9.573
-8.754
-18.821
-12.524
-4.202
-18.197
-18.6095
-20.0425
-7.656
-23.9
-17.5725
-15.7205
-13.775
-16.735
-14.748
-12.586
-16.267
-10.4885
-15.134
-11.433
-13.114
-18.751
-15.223
-18.391
-9.409
-16.0935
-9.6295
-17.739
-10.2135
-14.361
-8.524
-20.74
-16.6015
-13.6815
-7.675
-20.2395
-10.657
-11.8265
-17.4225
-10.53
-15.94
-18.024
-13.208
-12.091
-5.2155
-13.129
-18.7805
-19.283
-20.4655
-16.647
-21.91
-14.104
-9.952
-5.804
-24.594
-17.868
-18.445
-10.223
-12.539
