-9.6075
-17.012
-10.075
-11.252
-4.674
-10.973
-10.991
-12.373
-6.351
-9.104
-11.8525
-11.9245
-9.324
-6.586
-18.755
-6.558
-4.484
-12.087
-7.252
-12.184
-9.315
-15.507
-2.545
-7.1375
-10.803
-16.144
-12.3135
-7.817
-18.2415
-16.39
-3.675
-5.917
-4.541
-2.4485
-0.112
-12.2755
-5.067
-7.96
-12.9965
-3.607
-12.005
-1.561
-8.84
-5.9835
-10.5025
-8.696
-14.5505
-10.72
-15.402
-10.252
-12.345
-8.007
-11.61
-13.173
-6.888
-13.732
-6.888
-7.118
-5.785
-10.5685
-12.997
-11.941
-8.453
-11.643
-16.528
-14.8535
-16.329
-15.779
-3.493
-11.2645
-5.992
-8.806
-6.73
-11.7775
-7.929
-9.3705
-10.768
-13.331
-14.9845
-2.989
-6.597
-13.262
-12.512
-5.315
-5.954
-5.3215
-4.271
-7.1335
-8.08
-13.1065
-9.0495
-5.5635
-6.0145
-2.8055
-10.4695
-17.1215
-11.481
-14.124
-13.7315
-14.264
-13.626
