-20.2195
-26.503
-15.7415
-29.877
-30.925
-28.7805
-28.102
-17.1435
-19.6035
-30.8665
-30.1885
-27.199
-19.312
-17.773
-7.8405
-5.627
-4.216
-17.949
-13.426
-20.2175
-17.2375
-15.1265
-6.6415
-1.988
-9.523
-6.2915
-17.8085
-4.209
-19.2655
-17.1765
-14.422
-6.07
-2.946
-12.942
-8.229
-10.007
-3.897
-3.866
-8.354
-8.773
-22.4105
-11.929
-14.795
-11.028
-16.2895
-12.408
-15.574
-9.39
-11.424
-16.564
-21.2645
-21.1025
-10.8385
-20.182
-0.6355
-23.7475
-20.1015
-11.4915
-13.4925
-24.163
-14.696
-23.275
-8.1605
-13.0405
-16.796
-5.139
-22.398
-22.507
-18.768
-18.3745
-16.3375
-17.401
-3.839
-24.0395
-14.017
-24.741
-23.0255
-27.351
-19.806
-20.1125
-15.8755
-13.623
-15.0525
-15.44
-10.909
-5.9465
-11.2065
-17.795
-11.352
-14.05
-12.13
-17.4455
-18.783
-19.731
-8.438
-19.671
-20.6085
-9.795
-16.2495
-18.4655
-14.814
