    -4.66663                0
    -4.47616                0
    -4.28568                0
    -4.09521                0
    -3.90473                0
    -3.71426                0
    -3.52378      0.000367542
    -3.33331       0.00927575
    -3.14283         0.202063
    -2.95236          2.39102
    -2.76188          16.7436
    -2.57141          79.8568
    -2.38093          257.107
    -2.19046           554.04
    -1.99998          834.274
    -1.80951          980.219
    -1.61904          1015.04
    -1.42856          977.234
    -1.23809          917.547
    -1.04761           882.06
   -0.857136          868.221
   -0.666662          852.531
   -0.476187          820.722
   -0.285712           761.15
  -0.0952374          697.432
   0.0952374          698.823
    0.285712          762.381
    0.476187          820.361
    0.666662           853.25
    0.857136          869.006
     1.04761          883.234
     1.23809          924.429
     1.42856           991.54
     1.61904          1024.17
     1.80951          976.227
     1.99998          827.009
     2.19046          543.094
     2.38093          250.425
     2.57141           81.107
     2.76188          19.1293
     2.95236          2.73535
     3.14283         0.198378
     3.33331        0.0109766
     3.52378      0.000127378
     3.71426                0
     3.90473                0
     4.09521                0
     4.28568                0
     4.47616                0
     4.66663                0
