-1.0549    -0.7810    -1.1469    1.6061     -0.7044    -1.6264    -0.7880    -0.3942    -0.7696    -1.6747    -0.2283    -0.2766    -0.1201    -0.1175    -0.3093    
-1.3476    -0.8859    -1.2670    -0.9235    -0.9579    -1.3981    -0.3540    -0.5283    -0.7448    -1.2701    9.0920     -0.3440    0.2983     0.0038     -0.5840    
-1.2878    -0.7600    -1.2923    -0.7231    -0.8694    -1.1950    -2.4908    -0.6070    -0.8787    -2.0208    -0.5284    -0.6096    -0.3242    -0.5758    -0.8670    
-0.8521    -0.4691    -0.9101    -0.4067    -0.6474    -1.3900    -1.0331    -0.3055    -0.6563    -1.1278    7.9483     -0.3334    -0.2435    -0.4105    -0.6450    
-1.2407    -0.9130    -1.3911    -1.2667    -1.1450    -1.7337    -2.6375    -0.8983    -1.2656    -2.3407    3.7235     -0.8287    -0.7144    -0.4605    -0.8040    
-0.9472    -0.8170    -1.0740    -0.9501    -0.8028    -1.1973    -1.4192    -0.4038    -0.6521    -1.1212    6.5312     -0.3003    -0.1315    -0.7589    -0.5501    
-1.1260    -0.7810    -1.2932    -0.9847    -0.9202    -1.3777    -1.0911    -0.6202    -0.8770    -1.3025    -0.7531    -0.5939    -0.7359    -0.8315    -0.7977    
-1.3421    -0.8530    -1.1139    -0.8701    -0.9020    -1.3854    -2.1622    -0.6504    -0.9075    -1.2993    -0.7213    -0.7131    -0.8306    -0.8450    -0.6620    
-1.1503    -0.8040    -1.6163    -0.8514    -0.9084    -1.6405    -2.7614    -0.5125    -0.9303    -1.4895    2.7125     -0.6131    -0.7942    -1.6630    -0.7980    
-1.8600    -1.1750    -1.6559    -1.0447    -1.0575    -1.4825    -2.4918    -0.5269    -1.0578    -1.9161    1.3180     -0.5739    -0.5960    -0.4765    -0.5624    
-1.6680    -1.1114    -1.5813    -1.3331    -1.1144    -1.4585    -1.9644    -0.5795    -0.9579    -1.7379    -0.0087    -0.5666    -0.2509    -1.2014    -0.8306    
-1.3202    -0.6880    -1.4854    -0.2439    -0.6415    -1.6475    -1.4063    -0.4570    -0.9387    -2.1575    3.4799     -0.4257    -0.2235    -0.9091    -0.5653    
