2.1900     1.8184     -0.8260    3.1508     0.1572     -0.3359    -0.6029    -0.0046    -0.1810    -0.2832    -0.5582    -0.1920    -0.1954    -0.1211    -0.1923    
-2.1078    0.6011     -0.8930    0.5784     0.0049     -0.5780    -1.3610    -0.0423    -0.2836    -0.6125    1.9868     -0.3390    -1.2510    -0.1467    -0.3300    
-2.8224    -1.0346    -1.1202    -1.4727    -0.9780    -0.8350    -1.4441    -0.6329    -0.5358    -0.8040    -1.5742    -0.4140    -0.8450    -0.3041    -0.2930    
-1.5361    -0.8414    -0.9600    -1.6440    -0.9106    -0.7892    -1.3965    -0.1872    -0.5589    -0.6836    -1.8255    -0.4470    -0.7580    -0.2697    -0.2991    
-0.0716    -1.4270    -1.1956    0.3385     -0.9604    -0.4785    -0.9908    -0.4047    -0.4978    -0.4651    -1.4244    -0.3650    -0.8900    -0.2117    -0.1591    
-1.9789    2.8360     -0.8476    0.8498     -0.6830    -0.6607    -0.8865    0.1987     -0.2256    -0.4322    2.2072     -0.1730    -0.8948    -0.0403    -0.1750    
-2.2145    -0.4166    -1.0705    -1.5696    -1.1430    -0.7754    -1.0302    -0.3925    -0.4380    -0.5005    4.0579     -0.2783    -0.6623    -0.2490    -0.1601    
0.0371     -0.6941    -0.7894    -1.4717    -0.6704    -0.5880    -1.0347    -0.1871    -0.4381    -0.7830    0.9959     -0.5150    -1.4861    -0.1448    -0.5064    
4.3198     -0.0001    -0.9052    1.1321     0.4585     -0.5105    -0.5586    -0.5046    -0.4458    -0.5375    2.3867     -0.4802    -1.3449    -0.2570    -0.4860    
1.0598     -0.3110    -0.7160    -1.2136    -0.9851    -0.4397    -0.4878    -0.6650    -0.5338    -0.3773    0.0751     -0.4250    -0.7609    -0.3016    -0.4721    
-0.6658    2.0471     -0.8322    0.5991     -0.7302    -0.6280    -0.9564    -0.4538    -0.7127    -0.6577    2.7990     -0.4710    -0.8577    -0.3322    -0.4440    
-1.9421    -1.0673    -0.8091    -2.6823    0.4232     -0.5850    -0.9810    -0.7214    -0.2877    -0.6450    -1.8349    -0.4132    -0.8416    -0.4824    -0.3541    
