-22.0275
-6.877
-12.11
-12.435
-18.385
-21.6765
-19.8785
-23.6255
-14.33
-14.675
-13.035
-15.031
-5.3355
-9.8265
-15.3805
-22.9485
-3.563
-21.013
22.3225
-22.273
-20.8555
-22.2435
-26.0665
-24.442
6.507
-20.0345
15.6095
-14.8895
-18.8505
-14.386
-18.4205
-11.0125
-19.059
-20.6465
-17.6215
-17.153
-18.624
-24.846
-11.778
-23.024
-20.067
-23.37
-30.017
-28.799
-15.898
-15.9225
-13.3475
-3.407
-22.5435
-19.263
-14.216
-21.732
-16.9415
-31.173
-23.7525
-11.7795
-12.5565
-16.9165
0.3175
-3.17
4.611
-10.2245
-4.5955
2.7725
-18.7995
25.2915
8.992
-23.5045
9.537
-21.7885
-28.205
-23.878
-30.263
-4.421
16.636
12.2285
12.303
-10.7045
17.74
-20.135
-19.912
-32.709
-20.835
-32.8875
-32.961
-22.163
-24.9065
-26.1155
-20.931
-18.932
-26.45
-25.3845
-31.785
-20.9375
-21.033
-24.6345
-19.347
-24.4695
-21.644
-22.993
-24.55
