-20.5625
-13.2835
-21.8335
-23.019
-0.5235
-10.122
-13.7795
-14.708
1.52
-15.3425
0.6265
-9.9885
-7.4905
-12.904
-0.741
0.209
-11.272
30.5565
-14.826
40.436
20.369
4.115
-8.9685
20.7205
7.301
-16.1565
-29.806
-18.9575
-18.4725
-16.908
-25.621
-22.9815
-31.523
-15.7535
-17.4975
-17.13
-24.7845
-25.822
-28.6075
-22.2285
-24.0535
-27.4025
-25.0725
-25.106
-14.825
-8.858
-4.71
-20.2335
15.2905
-16.205
-24.5215
-26.715
-11.01
-2.673
-8.4725
54.223
-12.628
-14.8395
-23.435
-20.0085
23.826
-19.7845
-18.5015
-27.2135
-28.2095
-26.4615
-29.176
-30.196
-14.207
-20.995
-30.3915
-29.2995
-26.319
-18.149
-9.6035
11.2805
-25.61
-7.434
19.5775
-33.7
-23.215
-7.679
-24.5405
-18.133
-21.8
36.5455
-13.142
-20.4285
-20.513
5.6625
21.527
-18.6205
-26.775
26.5775
-12.3015
-15.242
-21.6855
-19.9865
-30.0515
-13.9845
-9.6285
