7.4375
-2.73
-11.669
-5.2565
2.238
-1.591
-7.398
-5.7805
-4.0555
-10.697
-9.2175
-17.034
-6.5145
-6.9585
-10.6435
-6.0865
-9.2895
-7.6415
-9.2705
-7.125
-6.8635
-7.143
-4.4865
-13.0975
-9.2335
5.1015
-17.066
-17.051
-15.338
-9.7245
-19.427
-13.9945
-14.6215
-27.899
-29.637
-27.859
-18.9665
-18.5685
-27.328
-29.9775
-21.533
-25.1585
-29.973
-31.9675
-21.119
-22.088
-26.164
-30.5405
-23.1315
-26.948
-21.255
-26.482
-28.3285
-33.342
-27.1695
-30.514
-24.062
-13.875
-35.5775
-23.353
-22.0685
-25.1195
-24.4515
-16.398
-21.6565
-21.442
-20.213
-22.053
-24.298
-15.173
-26.3825
-20.294
-20.057
-20.502
-18.8995
-23.585
-12.369
-12.8675
-20.5885
-17.3605
-8.8295
-17.049
-15.0195
-19.3565
-20.2455
-15.421
-9.1435
-20.6325
-13.0105
-21.97
-18.7035
-19.872
-20.762
-12.8555
-10.5625
-12.185
-6.642
-15.4645
-12.1775
-13.7915
-21.238
