-7.2985
-7.684
-7.8405
-8.316
-10.2685
-13.1265
-13.945
-7.9155
-14.597
-1.968
-7.267
-8.326
-15.856
-9.687
-12.657
-12.697
-18.899
-18.484
-6.8025
-24.4275
-18.193
-15.2875
-19.2575
-8.3335
-12.0605
-4.445
-5.969
-12.792
-10.88
-10.291
-5.0295
-11.4415
-9.081
-6.572
-7.586
-10.428
-10.0315
-14.2775
-16.629
-14.823
-14.086
-17.5495
-12.762
-16.602
-7.124
-22.638
-16.5195
-17.04
-17.3055
-6.1775
-0.752
-10.995
-19.055
-24.8585
-7.709
-11.094
-21.5485
-15.531
-15.886
-12.014
-17.561
-15.768
-12.2245
-14.161
-23.491
-19.3225
-25.428
-19.6295
-28.383
-18.084
-21.175
-16.615
-7.339
-11.466
-9.527
-14.3245
-18.8305
-10.7255
-2.678
-4.01
-15.5585
-1.601
-1.8605
-10.995
-13.1845
-13.609
-3.81
-11.2005
-4.197
-6.432
-3.2925
-8.5185
-7.305
-1.885
-4.7155
-10.6105
-2.6535
-9.273
-14.0455
-14.512
-10.461
