-33.9865
-24.6865
-23.527
-26.8265
-15.862
-29.3165
-20.1895
-25.3905
-20.012
-21.022
-22.9945
-24.9435
-17.4935
-19.645
-23.1495
-28.026
-16.2375
-18.091
-15.78
-14.2735
-14.031
-14.9185
-19.4745
-22.575
-20.613
-12.902
-17.7045
-13.494
-16.5215
-9.709
-0.0575
-3.316
-13.0925
-6.3365
-20.128
-15.8405
-14.514
-11.1685
-15.7775
-20.6145
-21.12
-19.5135
-17.7805
-14.3945
-23.074
-16.565
-12.9045
-23.6705
-26.9875
-22.012
-18.1175
-19.1855
-20.957
-23.2425
-24.0345
-23.6595
-23.8435
-21.348
-18.432
-18.6545
-23.3775
-29.1285
-20.6285
-18.9585
-19.092
-23.6345
-29.6125
-30.8935
-30.1745
-32.768
-28.282
-32.2775
-35.1625
-27.0025
-23.7635
-26.6305
-34.3545
-21.1785
-23.7045
-31.1875
-28.869
-30.8105
-24.4875
-24.9705
-26.712
-33.504
-29.2455
-30.3365
-38.1215
-32.9545
-39.5555
-43.737
-39.213
-28.3375
-22.958
-27.1015
-27.023
-28.081
-26.414
-24.0195
-22.2175
