6.489
0.991
0.6785
-4.0715
-7.4675
-5.166
-3.8635
-5.59
-3.827
-6.753
4.342
-5.897
-12.481
-1.864
-0.295
-5.449
-6.568
-10.166
-6.271
0.739
-0.296
-9.05
-6.545
-5.791
-6.601
-1.505
-5.894
-3.626
-3.798
-2.372
-2.305
-3.27
-2.952
-3.83
-1.604
-10.183
-16.609
-12.657
-7.504
-1.621
-1.91
2.685
-3.303
3.966
6.37
-3.675
-4.0995
-6.3095
1.852
-2.749
-7.318
-10.468
-8.824
-7.457
-6.098
-2.332
-4.647
8.087
-2.117
-4.749
-8.4125
6.428
-4.743
6.047
0.453
2.476
-3.134
-1.714
0.911
4.783
-13.152
4.524
-4.705
-3.453
-1.742
-8.682
-2.168
-8.048
3.551
-0.951
-5.141
-13.795
-15.904
-6.794
-12.904
-9.301
-7.723
-11.0365
-12.0675
-13.023
-13.2835
-9.617
-1.994
-4.238
-9.582
4.0795
-4.646
8.532
-1.455
-0.75
-3.22
