-29.3715
-17.4065
-27.7085
-28.6095
-19.0975
-18.9235
-19.0615
-12.086
-18.4535
-24.553
-19.7555
-20.0175
-23.472
-19.431
-29.305
-17.7515
-13.8285
-7.2125
-7.542
-10.1425
-19.6885
-11.107
-5.6025
-17.6345
-22.885
-38.7075
-29.6995
-24.7235
-21.3665
-16.637
-35.6425
-25.4725
-29.099
-35.638
-29.0555
-37.3945
-35.786
-46.5305
-40.537
-33.504
-44.9145
-40.749
-30.711
-38.8575
-38.5105
-39.3615
-30.0175
-24.7225
-19.5535
-13.878
-9.5195
-22.041
-25.9235
-23.697
-15.749
-10.691
-27.006
-17.912
-12.6245
-9.4285
-16.7645
-15.8225
-19.6185
-13.7215
-14.884
-21.461
-17.5745
-25.304
-21.102
-27.9875
-13.1495
-23.5275
-16.4035
-24.837
-27.3465
-37.308
-25.5855
-29.653
-32.9725
-27.4195
-38.1565
-35.9765
-40.8375
-25.972
-26.277
-29.2365
-8.791
-26.053
-26.033
-24.4555
-21.9135
-22.088
-30.469
-30.181
-22.4355
-29.2155
-21.1235
-26.232
-24.1285
-19.004
-23.161
