-13.5075
-14.751
-14.025
-9.725
-7.147
-13.63
-7.774
-14.403
-16.104
-17.355
-14.187
-24.713
-17.23
-22.197
-17.685
-23.008
-21.211
-18.143
-17.1215
-16.0545
-11.495
-13.906
-17.675
-17.529
-4.8525
-20.033
-13.6425
-12.0125
-18.7725
-16.5575
-18.5735
-11.436
-13.8065
-23.467
-14.014
-16.3425
-10.9475
-8.9175
-12.239
-21.596
-13.563
-15.112
-22.75
-8.785
-11.442
-16.181
-6.703
0.248
-6.581
-5.916
-11.675
-15.7475
-12.585
-5.982
-15.8865
-8.3315
-5.006
-7.122
-17.724
-4.7215
-4.019
-3.593
-9.396
-11.3665
-15.968
-6.616
-14.808
-13.095
-14.36
-16.671
-24.5495
-16.415
-13.936
-8.8405
-16.9215
-15.2285
-14.676
-11.227
-19.1445
-11.5395
-15.1185
-16.855
-16.133
-9.6505
-18.384
-22.682
-25.983
-7.547
-11.9225
-18.463
-10.7675
-11.4
-16.1535
-13.072
-14.729
-4.2445
-11.6795
-18.6015
-9.396
-16.613
-9.994
