-21.8795
-18.4425
-18.0795
-17.1255
-18.772
-18.483
-16.5615
-8.6455
-11.2345
-29.355
-17.87
-22.6075
-19.9465
-20.3475
-25.021
-22.163
-18.5095
-21.202
-19.413
-11.201
-23.5005
-11.38
-15.362
-16.3055
-18.173
-19.8795
-12.284
-18.6785
-26.548
-17.2355
-19.981
-31.6705
-26.03
-25.101
-27.2575
-15.021
-23.2255
-24.304
-21.1825
-26.5705
-18.9015
-20.8045
-29.0925
-17.2295
-17.933
-17.0265
-18.8875
-21.776
-19.305
-18.1735
-19.101
-20.006
-25.9165
-18.5795
-12.1465
-19.8355
-20.817
-24.6025
-21.818
-17.695
-15.9985
-21.3095
-17.4855
-19.769
-17.764
-17.4445
-19.113
-19.389
-28.442
-24.2405
-23.964
-23.5555
-20.513
-18.161
-14.95
-9.524
-14.387
-18.0375
-9.382
-22.35
-10.4345
-23.585
-17.876
-21.97
-30.469
-19.8065
-25.713
-22.049
-20.489
-25.005
-15.3815
-17.178
-17.1735
-9.6175
-14.3695
-9.919
-18.504
-20.449
-15.4465
-15.204
-16.8005
