-5.334
-11.985
-9.525
1.436
-4.351
-10.115
-11.181
-15.749
-3.4025
0.7285
-0.062
-10.673
-5.2745
-7.9515
-4.4
6.0185
1.578
-10.9745
-14.388
-18.715
-15.941
-12.7135
-17.0325
-9.734
-12.8135
-2.14
-13.319
-16.407
-4.852
-9.2475
-14.102
-12.853
-17.483
-13.791
-12.673
-13.103
-16.465
-13.084
-13.117
-13.142
-8.1835
-4.575
-3.498
-10.111
-25.291
-12.642
-7.031
-10.092
-7.47
-15.618
-13.938
-15.247
-22.3275
-13.572
-11.616
-3.984
-10.846
-10.395
-8.422
-7.986
-12.62
-10.69
-4.5625
-2.2765
-4.6725
-16.401
-10.0705
-16.8125
-16.172
-11.416
-15.4305
-4.492
-11.1435
-15.943
-7.568
-15.186
-11.264
-4.7515
-9.49
-15.978
-5.48
-6.591
-10.205
-14.388
-15.052
-12.3355
-7.232
-15.571
1.8045
1.6195
-8.401
-10.344
-9.185
-3.162
-9.761
-16.238
-11.728
-3.496
3.82
-10.3895
-2.9705
