-16.477
-11.6565
-21.027
-18.8755
-17.3685
-14.64
-6.246
-6.2985
-9.234
-11.156
-11.141
-13.439
-14.584
-12.26
-10.811
-18.3395
-4.751
-7.755
-13.018
-9.859
-12.624
-3.955
1.01
2.653
2.789
-3.003
-4.834
-8.41
2.169
-5.97
-3.35
-7.519
-6.6005
-5.7565
-1.2785
2.483
-9.4695
-2.105
-4.841
-8.727
-3.8745
-3.595
4.577
2.545
-2.8725
-10.216
2.3615
-3.726
-9.119
-1.948
-10.695
-10.844
-1.2285
-11.559
-6.213
-5.384
-0.875
-9.63
-5.266
-7.007
7.12
2.448
-3.674
-7.387
-1.197
-4.948
-5.067
-5.046
7.784
2.187
-2.145
0.721
-5.537
3.772
0.034
-9.522
-1.2655
-0.41
2.96
-1.624
-5.977
-2.582
-5.61
-6.227
-2.434
-7.775
-8.482
-5.529
-5.225
-4.759
-14.094
-5.64
-9.2275
-7.954
-7.89
-4.107
-12.3575
-10.293
-4.908
-6.621
-6.347
