-31.429
-28.238
-26.3535
-25.8705
-28.694
-29.9135
-27.863
-18.3265
-19.1315
-16.0285
-28.216
-21.529
-31.83
-26.8385
-29.2045
-33.476
-31.032
-19.669
-18.711
-20.079
-16.708
-19.072
-19.6965
-24.847
-25.753
-28.8365
-21.7335
-19.5825
-10.831
-18.439
-22.1325
-26.5805
-20.6225
-15.9705
-22.735
-24.0935
-24.604
-17.8335
-27.8495
-25.333
-31.3175
-21.7
-22.135
-33.9745
-26.1675
-25.6525
-27.8665
-17.071
-22.6345
-24.8325
-24.0065
-26.446
-26.0485
-25.6425
-27.61
-24.9475
-17.92
-10.1715
-5.576
-20.832
-18.666
-24.464
-14.8925
-27.6545
-26.592
-17.1755
-20.7485
-26.082
-20.891
-11.454
-18.42
-18.2515
-11.264
-19.5465
-10.635
-22.6065
-16.2585
-20.2835
-23.847
-25.1655
-20.2945
-14.7195
-16.6285
-18.28
-18.939
-20.416
-19.382
-11.96
-9.348
-22.946
-12.73
-14.672
-16.27
-11.92
-21.11
-8.32
-16.59
-16.415
-16.5325
-15.6865
-11.5805
