-20.3605
-20.172
-17.6295
-22.9875
-24.575
-21.6135
-13.0115
-17.396
-18.5285
-15.9725
-18.2845
-18.24
-18.636
-19.3245
-18.1085
-22.1255
-18.6255
-17.728
-25.9525
-19.537
-21.21
-18.214
-25.1235
-21.535
-18.707
-24.505
-28.0715
-30.7255
-21.8865
-20.3465
-21.4815
-21.967
-19.0655
-13.4525
-5.8
-17.2315
-20.2015
-17.7935
-19.3875
-15.276
-15.7135
-7.9435
-15.692
-18.8505
-14.943
-18.008
-15.2825
-12.59
-15.0855
-21.2965
-14.723
-17.7915
-15.896
-14.7275
-14.7785
-27.8485
-18.5705
-23.1335
-15.9495
-17.2575
-13.3705
-18.766
-11.197
-10.316
-8.6425
-12.037
-20.2775
-19.8075
-15.28
-11.7885
-16.3955
-10.9345
-14.272
-20.899
-18.541
-14.27
-18.5225
-20.6695
-18.177
-21.2185
-13.0935
-17.935
-30.942
-14.71
-1.5285
-12.405
-19.7465
-7.042
-19.7875
-9.759
-15.877
-13.6245
-6.551
-4.249
-2.9825
-13.4175
-7.2595
-9.8265
-14.6685
-20.5575
-9.39
