-11.0335
-18.6705
-13.266
-15.123
-11.214
-12.1995
-6.585
-6.474
-3.913
-3.103
-9.013
-3.4895
-9.816
-9.0705
-21.844
-19.223
-19.565
-11.633
-10.583
-10.326
-6.876
-7.625
-6.767
-11.02
-7.391
-12.8695
-14.323
-15.8925
-10.967
-12.0935
-15.602
-9.576
-15.306
-13.611
-15.5965
-13.194
-16.1705
-8.2555
-16.919
-14.13
-13.9145
-15.9775
-15.698
-19.5685
-20.0145
-26.2045
-18.1435
-13.3395
-11.195
-9.496
-12.201
-6.194
-16.997
-14.09
-10.064
-9.194
-11.343
-17.711
-12.9995
-12.136
-14.775
-5.079
-10.013
4.191
-10.084
-8.614
-4.709
-15.724
-1.912
-6.5315
-6.291
-7.499
-5.27
-5.503
-8.3525
-8.5245
-8.802
-16.976
-16.649
-2.506
-2.197
-15.615
-10.446
-6.765
-6.149
-11.658
-12.92
-12.456
-14.152
-22.094
-32.458
-18.39
-15.205
-23.098
-22.3515
-18.64
-27.24
-24.347
-12.617
-10.21
-4.614
