-10.477
-4.639
-14.172
-2.012
-6.605
-3.296
-11.7475
-4.786
-9.545
-6.73
-11.786
-6.573
-14.76
-11.4635
-5.3525
0.386
-7.697
1.5815
-7.398
-7.0045
1.557
-10.7265
-8.884
-7.153
-0.758
-16.851
-7.11
-10.473
-3.3075
-4.24
-10.4385
0.063
2.5145
-3.8595
0.18
-3.4945
-1.1715
-0.579
-4.127
3.594
-2.568
-5.232
-7.925
4.3545
-10.003
-10.476
-12.6505
-14.101
-13.571
-12.724
-11.1305
-15.598
-13.1065
-1.3895
-4.555
-10.805
-7.226
-10.873
-9.4165
-8.8125
-10.4475
-13.358
0.2455
0.769
-8.283
-9.083
-9.677
-10.357
-11.348
6.42
0.8475
-4.071
-1.765
0.3445
-10.33
-6.2415
-11.162
-7.9925
-3.066
-14.039
-11.7605
-6.452
-11.909
-12.297
-4.8635
-10.167
-11.841
-5.753
-6.792
-7.277
-10.98
-9.137
-13.423
-22.8295
-12.0765
-15.3535
-8.17
-11.04
-21.685
-8.781
-10.9885
