-10.2205
-10.512
4.5035
-1.095
-2.4665
-12.095
-3.463
-14.886
-10.612
-19.236
-17.165
-16.962
-4.7495
-6.9025
-6.549
-9.58
-9.571
-8.9
-0.422
-1.253
-7.117
-6.219
0.5495
-5.553
-5.3905
-19.7495
-15.224
-6.8395
-5.562
-11.965
-0.967
-9.578
-14.472
-11.9245
-11.3565
-21.607
-8.7895
-5.9855
-4.289
-6.941
-9.316
-17.7425
-5.4795
-14.2555
-8.211
-6.801
-19.5165
-21.842
-15.245
-24.8985
-26.033
-23.911
-23.0595
-14.158
-6.232
-8.1425
-13.143
-18.576
-9.3115
-19.753
-9.6535
-22.606
-22.727
-12.679
-12.998
-12.5435
-19.1895
-21.663
-16.997
-12.505
-11.721
-13.913
-6.157
-25.258
-23.826
-22.2625
-20.209
-14.4605
-19.577
-16.531
-17.177
-33.393
-17.714
-22.31
-18.841
-12.662
-3.61
-8.373
-21.37
-13.173
-0.828
-4.208
-10.669
-14.1865
-22.4895
-16.091
-18.9655
-14.501
-17.984
-16.1865
-21.6625
