
0.2579     -1.3570    -1.4626    2.6881     -1.0231    -2.2976    5.6260     -0.8570    -1.6781    -1.6185    -1.9883    -2.0446    1.7675     -0.8447    -0.9388    
-0.1447    -1.1858    -1.2107    1.6573     -0.2660    -1.5730    5.2585     -0.9115    -1.0580    -1.1473    -0.9470    -2.1662    4.8676     -0.9337    -1.0277    
1.5661     -0.9671    -0.9950    1.2127     -0.9430    -1.2496    -1.0807    -0.6870    -1.0056    -1.0458    -0.0678    -1.4545    -0.4769    -0.8196    -1.1179    
-1.0205    -0.9010    -0.9160    -1.5110    -1.2664    -1.4685    -2.7096    -1.0029    -1.2076    -0.6027    -2.2543    -2.1161    -2.9163    -1.1307    -1.4073    
1.4969     -0.7011    -1.0880    -1.2503    -1.4149    -2.1483    -3.3981    -1.0410    -1.4894    -2.5852    -2.3492    -2.2964    -0.6840    -0.9323    -1.4195    
6.4934     -1.1020    -1.3990    -1.0259    -1.1634    -1.8559    -1.3458    -0.9660    -1.7069    -3.0762    -2.2055    -1.5456    0.1808     -0.8434    -0.7582    
-1.1007    -0.9500    -0.9290    -0.8168    -0.8685    -1.8603    -1.7348    -0.7820    -1.5990    -2.8162    -1.6574    -1.7087    -1.2269    -0.5844    -0.5937    
1.6145     -1.2280    -1.0450    -0.8409    -0.8766    -1.6765    1.2463     -0.7270    -1.5774    -2.3069    -0.3567    -1.3914    2.7109     -0.6007    -0.7060    
0.1430     -1.5360    -1.2390    -0.7774    -0.7820    -1.7070    -0.4503    -0.7440    -1.6248    -2.7195    -1.6605    -2.2742    0.7907     -1.0555    -1.1191    
1.7756     -1.2180    -1.6819    -1.3940    -1.1352    -1.6014    -2.0467    -0.8440    -1.8617    -3.2438    -1.9210    -2.1319    -2.3927    -1.3214    -1.4018    
1.7543     -1.0081    -1.4980    -1.6100    -1.1646    -1.5282    -2.0745    -0.8390    -1.2959    -1.9580    -1.4220    -1.2460    -2.1604    -1.0272    -1.2346    
2.4155     -1.1002    -1.3900    -1.1330    -0.9196    -1.5299    -0.7540    -0.6490    -1.3125    -2.2874    -1.3890    -1.6877    -1.7379    -0.9817    -1.1773    
1.4502     4.8979     -0.8819    4.2133     -2.5386    -0.7120    -0.1996    -1.7796    -1.0087    -0.6125    14.4848    -0.7131    -0.5731    -1.0950    -0.3104    
-0.0802    -1.3730    -0.5120    2.0342     -2.0480    -0.5770    -0.3481    -1.6531    -0.8684    -0.4211    13.8446    -0.6520    1.7037     -0.8591    -0.4454    
1.0622     1.4791     -0.4780    1.2202     -1.8085    -0.5841    -0.0064    -1.2870    -0.7584    -0.4651    13.6106    -0.6130    0.2465     -0.7610    -0.3921    
0.9737     -0.4644    -0.2210    1.3945     -1.1129    -0.1820    -0.1674    -1.3422    -0.6899    -0.2934    14.7429    -0.4820    0.8993     -0.5979    -0.3470    
1.6207     -0.8585    -0.6270    0.0775     -1.2963    -0.5138    -1.2160    -1.6440    -0.7878    -0.6346    9.6540     -0.9280    -1.3915    -1.0700    -0.7130    
-0.6504    -1.8560    -1.0750    -0.7157    -1.4763    -0.2973    3.2525     -1.3110    -0.6789    -0.1233    8.6128     -0.7270    -0.9977    -1.0330    -0.4719    
-0.5044    -1.5619    -0.5740    0.3771     -0.8988    -0.2316    -0.0567    -0.9480    -0.4858    -0.1245    12.3630    -0.4595    -0.6587    -0.7060    -0.1997    
-1.4970    -1.8660    -0.8180    -2.2096    -1.0016    -0.2166    -1.0018    -1.1275    -0.5446    -0.1711    13.8875    -0.5060    -0.2463    -0.7800    -0.2836    
-0.7117    -1.3524    -0.2848    -1.8488    -1.0436    -0.1715    -0.7961    -0.8080    -0.5187    -0.3237    13.3163    -0.4830    -1.1993    -0.7800    -0.4470    
-0.8558    -1.5490    -0.2777    -1.9114    -0.8537    -0.1209    0.1518     -1.2040    -0.5844    -0.2423    15.3514    -0.5590    -1.1150    -0.9290    -0.1603    
-0.7124    -1.6813    -0.3390    -1.9067    -1.0131    -0.1048    0.7306     -1.4620    -0.5994    -0.0601    12.4528    -0.5968    0.8173     -1.0220    -0.0950    
-1.1650    -1.5637    -0.4302    -3.0490    -1.1763    -0.2921    -0.1999    -1.2600    -0.6456    -0.2922    6.4124     -0.6180    -0.4199    -0.8310    -0.3917    
0.6636     0.3270     0.8208     0.0149     -0.8230    -0.9050    0.3395     -0.7220    -0.9657    -1.7719    8.6148     -1.1046    -1.7704    -0.5326    -0.5867    
2.6701     2.0371     1.1893     2.5189     -0.2787    -0.6454    -0.6543    -0.6734    -1.0748    -1.7307    10.9167    -1.3550    -2.1049    -0.9781    -1.0070    
2.7314     3.3950     2.8401     7.2704     -0.1537    -0.5096    1.0610     -0.3047    -0.6679    -1.3615    13.7843    -1.0100    -2.5577    -0.5565    -1.0038    
-0.0646    -0.0040    -0.2818    1.3999     -0.2960    -0.9893    -0.8221    -0.5101    -1.0416    -2.1484    23.2165    -1.2780    -2.6057    -0.6099    -0.9953    
-0.1859    -0.1159    -0.4404    1.5109     -0.2391    -0.9663    -1.4029    -0.4748    -1.0478    -2.5995    17.9909    -1.3261    -2.2852    -0.8430    -0.9858    
-0.7565    -0.6840    -0.5868    0.5184     -0.6636    -1.1442    -2.8540    -0.5069    -1.0574    -2.1325    8.6421     -1.0438    -0.6426    -0.6000    -0.2023    
-0.6925    -0.9930    -0.9830    2.4410     -0.8699    -1.3460    -2.5805    -0.7764    -1.1371    -2.0255    6.2656     -1.0483    -2.0220    -0.5540    -0.4854    
-0.3495    -0.4721    -0.5938    0.9132     -0.7168    -1.8778    -1.2361    -0.5671    -1.0964    -2.4311    5.5756     -0.9420    -1.2549    -0.4220    -0.1202    
2.5433     -0.4403    -0.3325    0.8939     -0.7830    -1.4216    -1.3251    -0.5827    -1.2817    -2.6602    2.8119     -1.1020    0.6627     -0.6590    -0.2335    
0.3473     1.2404     -0.6018    0.7011     -0.6798    -1.5363    -1.5465    -0.6039    -1.1098    -2.5778    12.5634    -1.4260    -0.6184    -0.7890    -1.1571    
-0.3882    -0.1171    -0.8122    2.1404     -0.4439    -0.9074    2.1299     -0.5814    -0.9287    -1.9803    16.5439    -1.1690    -1.9309    -0.8250    -0.9884    
0.5147     -0.6630    -0.6660    4.7894     -0.5797    -0.9020    -2.4465    -0.3498    -0.7994    -1.9705    12.7966    -0.9660    0.4632     -0.7810    -0.4100    
-0.8310    -1.1500    -1.0320    -2.1870    -0.8141    -0.4880    -0.3970    -1.7150    -1.1449    -0.4630    -0.4848    -0.7840    -0.3080    -1.3230    -0.7800    
-0.3860    -0.9580    -1.3190    -2.0430    -0.8316    -1.2950    -0.7830    -2.4751    -2.0576    -0.7560    -0.6056    -1.0000    -0.3640    -1.3050    -0.6100    
-0.1780    -0.5040    -0.6690    -1.9040    -0.6820    -1.0700    -0.5760    -1.6917    -1.1940    -0.5580    -0.4939    -0.5330    -0.2770    -0.8770    -0.5340    
-0.3550    -0.3960    -0.9750    -1.3600    -0.7016    -1.6530    -0.7310    -2.1300    -1.2583    -0.6220    -0.5905    -0.6890    -0.3290    -0.9230    -0.5318    
-0.1630    -0.3230    -0.6690    -1.0720    -0.5837    -1.4220    -0.7950    -2.1944    -1.0831    -0.6450    -0.5545    -0.6550    -0.3340    -1.2730    -0.7510    
-0.5170    -0.6340    -1.4400    -0.5340    -0.5551    -1.5409    -0.8190    -2.0527    -1.1107    -0.4970    -0.5275    -0.6340    -0.3050    -1.2920    -0.7520    
-0.5810    -1.1700    -0.7480    -0.8610    -1.3497    -0.9910    -0.4440    -1.4510    -1.1392    -0.4560    -0.3826    -0.7230    -0.2470    -1.1140    -0.6910    
-0.6580    -0.6120    -0.9050    -0.9490    -1.3818    -0.7690    -0.3930    -1.5220    -1.0728    -0.3980    -0.3589    -0.5770    -0.2340    -1.2610    -0.7260    
-0.4340    -0.4450    -0.9330    -0.8780    -1.4669    -1.2780    -0.5110    -1.5210    -1.7294    -0.6040    -0.4040    -0.8590    -0.2450    -0.9477    -0.8900    
-0.5910    -0.6630    -1.4390    -0.9400    -1.6391    -1.1520    -0.5870    -1.9870    -1.5727    -0.6750    -0.4932    -0.8610    -0.2990    -1.3250    -0.8890    
-1.5340    -0.8180    -1.3720    -0.8080    -1.3959    -0.8916    -0.4260    -1.4590    -1.3398    -0.4020    -0.4079    -0.6830    -0.2220    -1.0200    -0.9510    
-1.6389    -0.6900    -1.1010    -0.7100    -1.3146    -0.9210    -0.4810    -1.3499    -1.4962    -0.5210    -0.3246    -0.9480    -0.3420    -1.1190    -0.7420    
