    -4.72338                0
    -4.53058                0
    -4.33779                0
      -4.145                0
    -3.95221                0
    -3.75942                0
    -3.56663      0.000969783
    -3.37384        0.0176129
    -3.18105         0.232042
    -2.98826          2.25182
    -2.79547          15.5589
    -2.60268          75.0976
    -2.40989          249.135
    -2.21709          547.234
     -2.0243          830.237
    -1.83151          981.643
    -1.63872          1019.44
    -1.44593          980.551
    -1.25314          919.752
    -1.06035          883.844
   -0.867559           869.42
   -0.674768          853.566
   -0.481977          822.103
   -0.289186          762.897
  -0.0963954          697.436
   0.0963954          697.147
    0.289186          761.484
    0.481977          821.837
    0.674768          854.765
    0.867559          872.467
     1.06035          889.752
     1.25314           930.13
     1.44593          990.648
     1.63872          1006.88
     1.83151          959.488
      2.0243          806.989
     2.21709          548.295
     2.40989          262.682
     2.60268          84.4644
     2.79547          18.0568
     2.98826           2.5035
     3.18105         0.207206
     3.37384         0.010033
     3.56663      0.000101954
     3.75942                0
     3.95221                0
       4.145                0
     4.33779                0
     4.53058                0
     4.72338                0
