-39.6055
-30.142
-27.652
-29.7575
-18.639
-33.1335
-23.9665
-28.236
-23.4485
-26.02
-26.113
-27.7105
-21.8775
-24.0715
-27.0595
-31.5905
-18.7955
-20.6835
-18.1755
-17.862
-19.09
-20.122
-24.581
-25.4335
-24.421
-15.768
-21.718
-16.1675
-22.0495
-14.815
-4.7965
-8.5095
-17.684
-9.568
-22.564
-18.879
-17.956
-13.911
-18.9915
-23.5455
-23.504
-22.391
-21.0715
-18.0565
-26.7755
-19.3355
-17.2265
-28.4675
-30.3185
-25.7425
-21.6695
-23.394
-24.9895
-29.7605
-26.6385
-26.1595
-27.5745
-24.9125
-24.9935
-23.7185
-26.4115
-31.837
-25.429
-22.664
-23.3775
-26.6365
-33.4415
-33.518
-33.7155
-36.9815
-32.0365
-36.0995
-39.014
-30.4055
-25.495
-31.1225
-38.3855
-23.8725
-26.834
-34.188
-33.5625
-32.3625
-28.1975
-30.8675
-29.8765
-36.7545
-30.5545
-32.3975
-41.5685
-36.9995
-44.623
-47.3325
-42.7125
-28.953
-26.1325
-28.103
-31.4655
-32.3375
-28.2555
-27.3955
-24.655
