-33.534
-30.857
-28.574
-28.027
-30.602
-23.5145
-28.54
-28.948
-21.7155
-21.6095
-25.2975
-27.7445
-29.856
-29.26
-32.691
-22.0655
-34.824
-19.967
-25.003
-22.984
-21.666
-24.311
-23.778
-26.597
-20.298
-28.388
-31.9155
-19.1225
-18.613
-26.7875
-19.2055
-15.1505
-22.847
-24.847
-22.28
-18.575
-23.058
-24.566
-21.099
-22.835
-17.788
-15.5895
-19.319
-20.616
-19.143
-15.7475
-13.95
-14.532
-14.7315
-18.926
-17.155
-20.477
-15.161
-24.804
-24.0855
-21.782
-19.644
-14.021
-14.563
-17.2
-17.4085
-12.687
-13.198
-17.8815
-20.358
-17.953
-23.628
-14.678
-21.817
-18.5675
-15.823
-14.4085
-14.319
-18.6915
-18.8335
-17.081
-12.0035
-17.2545
-18.4705
-14.847
-12.422
-16.154
-13.167
-17.404
-18.9865
-11.885
-15.682
-18.398
-14.639
-8.084
-13.128
-15.612
-16.9295
-27.185
-16.92
-16.316
-13.978
-17.446
-10.33
-11.5
-21.309
