-6.6655
-12.6885
-15.4675
-8.5765
-16.96
-21.4945
-15.51
-15.8235
-0.9555
0.973
-3.725
-2.3795
-8.3305
-4.384
-4.8515
-6.912
-5.6725
-8.702
-10.088
-8.245
-1.66
-10.021
-10.602
-13.735
-3.211
-2.032
-6.338
-12.202
-5.244
2.54
-6.715
-3.1485
-7.462
-3.617
-9.548
-5.915
-5.724
-9.151
1.588
-6.195
-5.416
-4.5405
-6.8865
-8.261
-12.75
-5.39
-11.489
-15.767
-10.017
-8.78
-10.1395
-17.284
-21.024
-16.95
-11.6115
-11.295
1.6135
-7.7105
-6.664
0.33
-17.8775
-6.116
-9.928
-9.963
-14.572
-11.733
-13.1205
-16.3865
-16.776
-18.86
-16.783
-18.871
-16.521
-14.225
-18.169
-15.3205
-10.255
-15.1285
-17.511
-11.736
-11.036
-9.192
-18.142
-17.9725
-17.3995
-12.8645
-6.586
-15.819
-10.781
-8.895
-8.326
-4.229
-4.511
-6.702
-8.487
-16.172
-15.2465
-15.197
-7.292
-8.574
-15.557
