-27.8095
-22.9795
-22.0885
-21.5225
-22.0705
-27.8545
-16.0225
-19.283
-24.7265
-25.35
-23.0185
-30.6475
-18.755
-27.3725
-22.214
-25.197
-23.1025
-30.524
-25.138
-27.872
-33.8615
-25.809
-22.2425
-25.611
-25.974
-25.5155
-20.5555
-20.498
-24.963
-26.284
-26.081
-23.964
-32.292
-32.1635
-29.643
-27.734
-35.384
-26.606
-32.3545
-32.845
-35.823
-27.9535
-25.3905
-25.954
-19.241
-28.027
-21.856
-18.3135
-24.99
-25.3075
-22.702
-23.803
-27.081
-25.218
-28.3615
-37.496
-31.428
-30.427
-29.6435
-26.9995
-31.518
-32.3015
-39.7065
-34.5635
-37.278
-41.823
-30.7485
-34.76
-25.8715
-35.77
-24.914
-24.6835
-27.2165
-26.407
-28.0905
-31.603
-40.169
-35.471
-33.383
-24.9045
-30.1625
-33.483
-38.2035
-38.1275
-31.259
-39.137
-18.539
-31.081
-31.155
-28.073
-32.6035
-31.0965
-34.492
-27.3345
-24.6655
-22.709
-26.258
-17.5195
-18.047
-18.9435
-26.225
