2.326
-4.7655
-2.307
-6.79
-10.091
-7.942
-5.95
-7.783
-5.861
-9.561
1.207
-8.331
-15.907
-4.396
-4.2895
-9.4705
-9.679
-12.528
-9.6455
-1.596
-3.544
-11.8555
-9.6455
-8.4575
-8.774
-4.05
-8.816
-6.134
-7.294
-5.2
-8.054
-6.404
-7.56
-8.861
-7.108
-15.571
-20.219
-16.5835
-12.1775
-4.745
-7.222
-0.7805
-6.156
1.009
-0.5975
-6.572
-8.3195
-9.7585
-1.261
-6.3575
-10.708
-12.715
-12.092
-11.201
-9.7435
-5.081
-8.0245
5.2065
-5.249
-7.897
-11.553
3.729
-7.806
3.021
-2.919
-1.268
-6.671
-5.151
-2.474
2.065
-16.8715
2.238
-7.769
-5.69
-4.551
-11.954
-5.903
-11.362
0.3835
-4.284
-9.3575
-16.611
-18.7185
-10.177
-16.0445
-12.302
-12.479
-14.132
-14.4305
-16.529
-16.12
-13.7155
-5.01
-7.2255
-13.022
0.6535
-7.439
4.767
-4.5595
-3.5665
-6.726
