-21.671
-11.3025
-20.0875
-17.066
-20.698
-13.4175
-20.8075
-10.965
-7.3685
-18.165
-13.8165
-6.1635
-14.8115
-14.638
-19.6615
-13.0765
-23.274
-22.566
-12.2155
-25.9885
-21.572
-22.9525
-19.8145
-20.376
-16.263
-9.538
-16.3745
-20.855
-18.8015
-18.0555
-19.1025
-5.8015
-8.157
-5.0875
-10.4135
-9.6585
-4.8
-5.005
-8.12
-5.091
-12.858
-12.2195
-7.8205
-21.386
-23.0715
-19.387
-26.675
-19.533
-17.97
-17.195
-15.63
-20.5405
-19.19
-20.611
-24.4555
-15.8065
-15.9375
-18.3585
-7.675
-22.346
-12.606
-19.431
-22.4755
-3.421
-14.212
-14.972
-20.3025
-11.158
-11.053
-10.61
-13.918
-10.133
-14.5185
-12.064
-12.5735
-9.5185
-12.1705
-13.406
-4.966
-16.793
-15.703
-20.2545
-15.487
-11.634
-5.687
-5.808
-10.432
-6.2235
-12.103
-25.0955
-16.8545
-18.1835
-22.806
-12.1315
-2.223
-11.958
-17.9045
-24.428
-13.3065
-28.0335
-12.696
