-15.87
-23.84
-19.8975
-21.9135
-22.8755
-21.206
-26.796
-20.7995
-19.666
-30.1605
-25.742
-16.9915
-14.1385
-22.2165
-9.059
-13.035
-14.344
-16.1875
-22.235
-19.747
-12.555
-22.423
-9.817
-18.625
-16.9955
-4.4525
-18.5255
-13.557
-17.9815
-14.2865
-24.113
-12.9545
-18.5495
-19.6965
-14.9905
-19.2825
-16.7705
-21.8595
-14.575
-22.5395
-13.3685
-10.6305
-15.7185
-21.611
-22.0815
-22.5765
-12.5215
-16.0205
-20.1855
-13.117
-9.9955
-9.0945
-6.564
-14.1355
-12.3825
-13.0715
-20.1525
-12.4145
-16.329
-10.452
-15.371
-18.386
-7.3
-11.664
0.309
-10.428
-18.953
-0.1725
-9.715
-18.319
-14.961
-5.2155
-15.622
-16.113
-16.144
-9.674
-18.7655
-8.405
-17.752
-8.65
-6.2845
-11.137
-11.138
-12.8965
-12.253
-14.514
-10.824
-14.09
-25.24
-15.416
-14.603
-8.558
-16.577
-15.8945
-15.003
-26.179
-19.5155
-11.352
-20.2535
-11.864
-14.299
