-25.515
-26.249
-21.0995
-12.998
-15.773
-16.471
-10.262
-7.772
-21.5735
-9.397
-32.845
-29.992
-26.6965
-14.2115
-14.387
-9.948
-19.823
-13.595
-16.207
-7.838
-17.049
-13.1175
-17.09
-28.727
-20.904
-26.939
-17.134
-24.621
-26.7935
-23.838
-29.363
-24.782
-27.5305
-21.711
-28.2225
-22.594
-18.8045
-35.798
-20.8165
-19.185
-22.5055
-24.462
-26.4605
-18.2085
-16.7175
-19.961
-12.652
-15.419
-18.593
-23.065
-19.041
-22.538
-23.633
-11.8
-17.3515
-15.2425
-22.613
-21.385
-10.216
-9.222
-24.99
-20.549
-30.3205
-23.138
-21.372
-19.7325
-21.32
-24.004
-16.956
-20.04
-19.053
-16.267
-23.325
-11.084
-20.01
-8.841
-13.035
-21.104
-22.36
-12.901
-15.367
-9.701
-19.278
-31.319
-20.869
-12.983
-17.416
-17.421
-32.3265
-31.101
-34.679
-22.9915
-22.662
-14.753
-10.498
-19.5595
-14.907
-18.7455
-19.6775
-19.667
-22.469
