-31.865
-20.058
-31.0885
-29.983
-21.5045
-25.8565
-23.893
-16.255
-22.5055
-29.2245
-25.0835
-25.1915
-27.862
-24.017
-33.5365
-21.724
-18.0875
-12.2865
-12.171
-14.6315
-21.1215
-14.2575
-10.1815
-23.5495
-26.794
-42.943
-33.573
-30.482
-26.5035
-22.123
-39.687
-30.709
-33.0925
-39.8695
-33.4745
-40.126
-38.319
-50.304
-46.1015
-36.1435
-50.5795
-43.5255
-35.0455
-42.541
-42.718
-43.3415
-37.053
-28.706
-25.9275
-18.269
-16.398
-27.319
-32.447
-29.6175
-19.9575
-14.2885
-30.9985
-22.0395
-16.733
-14.2625
-18.8745
-19.7095
-22.5795
-17.4005
-19.2075
-25.6105
-21.5245
-30.0945
-24.855
-31.55
-17.9025
-26.9015
-21.0355
-26.9075
-31.1285
-42.429
-29.7315
-33.2605
-37.5015
-32.9935
-43.0985
-39.5555
-41.974
-27.6125
-28.4975
-33.0205
-13.0465
-28.2845
-30.0195
-28.5955
-26.6685
-26.8915
-33.389
-33.028
-27.0035
-33.797
-25.474
-29.0835
-26.769
-22.8915
-28.1005
