-25.936
-25.7085
-25.5175
-26.333
-31.081
-19.667
-22.0685
-21.1
-27.812
-26.358
-22.344
-26.293
-34.479
-29.4155
-21.579
-22.308
-24.951
-27.1015
-29.7795
-21.1355
-22.956
-25.4855
-22.263
-26.0425
-29.666
-23.076
-28.8325
-23.721
-21.158
-25.3605
-20.868
-22.402
-23.1385
-19.625
-25.252
-28.4955
-19.9255
-26.806
-14.962
-20.7705
-22.4025
-20.528
-11.91
-8.1715
-15.4685
-18.7065
-12.7765
-11.343
-12.179
-19.08
-15.4785
-17.604
-23.6065
-17.956
-17.323
-11.687
-12.772
-15.7165
-13.953
-19.176
-15.1295
-18.079
-12.928
-18.8245
-15.193
-23.0545
-18.6745
-14.1925
-25.0405
-22.908
-26.411
-26.891
-31.2165
-22.6675
-35.3665
-28.9015
-28.4085
-20.0355
-25.239
-17.695
-22.476
-26.3185
-32.249
-30.7165
-39.4345
-29.6255
-21.75
-31.62
-25.7685
-30.1895
-27.0845
-23.3915
-26.968
-26.399
-22.2555
-36.0815
-25.6735
-34.1825
-25.493
-32.7555
-27.358
