-17.3515
-17.664
-16.8605
-10.6455
-8.873
-17.4345
-8.537
-19.4275
-18.153
-20.34
-18.495
-26.7985
-20.525
-24.973
-19.6595
-25.0805
-22.7605
-21.2115
-20.8825
-20.9085
-15.2925
-16.729
-21.3995
-23.813
-5.7555
-21.097
-18.7305
-17.629
-19.5995
-21.832
-21.3355
-14.1985
-14.2695
-27.3205
-18.366
-20.6185
-13.3135
-10.652
-13.752
-20.359
-17.035
-18.3545
-25.1855
-13.4095
-13.2375
-17.4995
-10.4455
-3.5635
-9.4435
-9.58
-13.4175
-15.767
-14.3595
-9.933
-18.3855
-12.048
-9.384
-10.895
-20.137
-7.275
-7.1215
-8.029
-12.8065
-15.5275
-19.4815
-11.273
-19.8345
-17.0555
-17.4575
-21.1265
-28.7965
-20.318
-16.4145
-11.7795
-19.7965
-18.874
-19.4345
-13.5115
-21.8115
-14.7695
-19.0355
-19.3265
-19.383
-13.662
-21.489
-25.81
-28.8035
-11.216
-15.31
-21.302
-14.525
-15.143
-21.1255
-16.47
-17.23
-8.8025
-17.0395
-22.211
-13.592
-21.0945
-14.1125
