-11.3465
-10.727
-14.927
-16.2335
-12.267
-12.233
-11.2055
-15.459
-20.421
-17.292
-25.5055
-21.1115
-20.935
-18.3755
-23.7825
-14.7285
-17.7825
-11.746
-15.663
-31.9225
-10.0035
-4.7355
-20.5415
-15.657
-12.432
-16.889
-15.97
-22.3025
-10.75
-18.4695
-27.202
-13.499
-13.058
-18.0965
-14.6305
-7.7855
-16.862
-11.9055
-13.9655
-23.572
-18.9585
-10.8695
-7.16
-3.89
-10.882
-12.254
-12.5545
-4.175
-3.773
-14.237
-12.3785
-4.5645
-6.3665
-8.331
-0.241
-3.0975
-10.026
-15.658
-6.7965
-8.997
-2.622
-6.1215
-7.3205
-10.56
2.425
-5.988
-9.495
-6.3875
-16.3235
-15.3315
-11.1485
-31.2435
-23.5975
-16.7655
-14.362
-18.143
-18.2535
0.5695
-1.408
-12.1055
-22.4225
-24.2105
-27.52
-10.6435
-9.2715
-10.5145
-23.85
-18.377
-13.5155
-16.9535
-6.0795
-19.37
-18.9265
-15.694
-17.465
-16.911
-34.4025
-13.2795
-21.272
-28.0385
-19.374
