-13.965
-16.036
-16.243
-15.105
-18.817
-9.232
-17.796
-13.078
-13.2385
-16.755
-15.5
-14.906
-17.038
-12.795
-13.953
-11.118
-18.78
-16.6835
-16.768
-14.759
-15.476
-16.493
-20.552
-15.2455
-14.884
-18.606
-12.586
-15.869
-11.34
-14.739
-16.649
-21.153
-16.662
-12.77
-14.05
-9.587
-4.803
-14.7575
-15.922
-11.941
-15.338
-11.34
-11.671
-10.115
-15.1935
-12.426
-7.613
-15.462
-11.647
-10.589
-11.247
-9.512
-13.523
-11.959
-10.076
-17.366
-14.94
-18.191
-12.124
-17.069
-18.183
-4.252
-8.146
-9.762
-11.829
-6.576
-14.036
-7.849
-11.66
-10.258
-12.5395
-11.527
-13.518
-11.028
-11.4145
-10.8825
-9.385
-21.075
-6.927
-19.542
-8.291
-13.8155
-9.655
-10.069
-9.038
-14.133
-12.571
-12.3125
-18.855
-14.178
-13.824
-11.702
-16.861
-16.446
-14.8475
-9.1095
-13.714
-15.165
-9.803
-3.081
-3.869
