-39.379
-33.1185
-26.7025
-26.6415
-20.4865
-23.817
-29.0515
-22.8175
-26.381
-16.531
-28.391
-27.825
-22.1905
-21.396
-26.5975
-20.363
-32.148
-31.0155
-26.769
-21.7695
-27.3515
-24.862
-26.62
-25.457
-24.3185
-21.913
-23.6105
-29.5365
-17.367
-30.4335
-23.2085
-36.6115
-29.912
-30.464
-25.292
-23.225
-30.3145
-35.0775
-33.877
-26.873
-34.7825
-30.255
-26.731
-28.7495
-12.864
-20.664
-23.64
-24.5665
-23.038
-20.84
-25.7925
-28.556
-23.382
-27.614
-21.862
-20.7405
-23.191
-25.4325
-27.6095
-19.4355
-17.5875
-16.0175
-20.5765
-19.0475
-14.494
-15.7355
-14.985
-22.7695
-22.286
-27.372
-23.742
-29.594
-34.531
-29.275
-28.9695
-28.507
-30.5725
-26.133
-30.967
-28.552
-24.006
-28.4385
-23.986
-29.235
-22.3315
-28.97
-32.21
-25.8185
-28.395
-25.719
-25.749
-14.3625
-14.937
-15.844
-28.154
-24.637
-22.3015
-22.318
-20.5045
-21.249
-11.727
