-14.156
-25.6125
-20.9385
-16.338
-12.404
-18.182
-17.8135
-25.426
-17.9255
-8.163
-7.4305
-9.2145
-7.918
-10.432
-8.9075
-13.344
-16.4045
-11.2805
-11.5725
-9.5255
-3.4535
-13.145
-18.628
-9.4825
-8.343
-18.5195
-7.039
-21.281
-17.1305
-13.9745
-14.8155
-8.057
-9.8715
-18.661
-18.9755
-16.114
-13.424
-7.804
-7.94
-14.31
-16.552
-22.4015
-15.3425
-15.129
-13.1745
-9.4945
-22.165
-12.46
-14.832
-23.1125
-22.4585
-14.349
-9.1345
-12.0305
-11.9775
-10.3575
-5.5955
-6.057
-22.864
-20.238
-22.7525
-26.927
-22.9565
-13.7305
-17.9015
-25.6705
-22.2465
-17.9785
-19.586
-24.9085
-27.898
-8.9875
-21.2845
-14.9895
-26.5605
-26.5885
-20.7355
-10.2705
-16.268
-19.6625
-18.7315
-16.104
-16.4785
-23.301
-21.046
-14.7835
-28.1375
-19.0975
-18.512
-9.0255
-17.8595
-13.724
-14.3905
-15.1575
-25.5
26.574
-10.5235
-14.7515
-9.971
-12.0075
-14.939
