-33.4595
-3.9765
-16.0065
-20.7455
-20.6495
-27.5375
-32.132
-31.605
-28.604
-23.5
-32.961
-31.9215
-29.0335
-28.1655
-23.607
-24.9535
-35.01
-43.023
-33.8695
-20.532
-21.1315
-14.6925
-25.465
-35.1375
-31.593
-22.5285
-29.649
-17.821
-21.406
8.867
-40.256
-33.4445
-34.4215
-38.6275
-27.532
-27.346
-23.247
-32.4325
-25.165
-33.3235
-25.6265
-22.8345
-28.9215
-21.18
-31.089
-32.446
-25.5775
-19.8425
-23.2275
-23.919
-18.1635
-20.4865
-29.721
-21.517
-31.0065
-19.9285
-28.866
-20.179
-21.666
-21.6315
-21.4775
-39.722
-21.704
-33.0675
-28.9865
-26.355
-23.2375
-27.7015
-35.9065
-27.2195
-16.813
-24.651
-24.468
22.298
-26.674
-16.847
-19.075
-17.805
-12.887
-22.557
-18.965
-14.2295
-23.0335
-19.2845
-29.6535
-26.8505
-24.8885
6.4055
-21.531
-25.549
-28.906
-22.4625
-35.1605
-23.7735
-29.2915
-32.134
-28.204
-22.2725
-26.2865
-29.0055
-26.275
