-21.2635
-1.2165
-7.359
-28.0575
-28.8285
-21.9135
-18.7955
-20.983
-17.012
-26.6845
-29.717
-29.6845
-10.7945
-21.6975
-29.302
-34.9545
-30.1635
-30.9075
-33.182
-32.7975
-30.6455
-26.4125
-30.2565
-37.8905
-39.95
-29.8565
-33.34
-33.587
-33.749
-24.9225
-26.901
-26.4965
-26.532
-41.3105
-22.2715
-27.2375
-27.2375
-31.1905
-19.1825
-26.7515
-28.682
-32.9405
-34.2
-43.7135
-27.9505
-26.7455
-31.232
-25.5685
-23.462
-23.1635
-30.609
-25.3225
-28.094
-18.414
-23.2885
-11.907
-19.323
-22.5015
-24.529
-13.8615
-22.6875
-25.604
-33.4155
-28.4695
-27.1895
-17.4945
-15.7945
-29.4775
-13.6635
-29.4365
-17.704
-18.316
-26.9645
-24.8415
-16.585
-25.0735
-12.3265
-24.365
-29.6285
-28.812
-28.675
-24.705
-8.329
-23.904
-26.1285
-12.093
-4.2705
-17.284
0.846
-25.7525
-28.517
-9.3585
-20.4415
-24.9875
-29.211
-22.232
-23.018
-15.418
-15.462
-28.4145
-29.258
