-29.429
-24.765
-17.0315
-23.1865
-32.0485
-11.587
-23.98
-24.1165
-11.8755
-28.052
-25.995
-18.5905
-14.806
-23.756
-40.751
-31.837
-32.8745
-34.469
-33.4325
-30.048
-38.9365
-30.2845
-37.024
-47.352
-41.9425
-43.2795
-40.836
-37.8515
-38.5805
-45.8485
-47.5025
-40.52
-42.557
-38.1765
-42.5135
-35.139
-19.279
-38.3265
-29.4495
-42.4935
-39.3325
-39.2175
-22.8845
-33.2795
-36.0945
-40.103
-36.6675
-33.326
-41.141
-35.086
-30.9575
-48.426
-34.6675
-30.9465
-32.964
-26.0275
-22.492
-19.838
-23.5205
-26.943
-31.869
-15.813
-19.7655
-15.528
-28.393
-18.887
-11.905
-15.4105
-19.5975
-8.4895
-40.5735
-30.457
-34.561
-27.953
-35.453
-30.8495
-38.7195
-26.178
-25.8995
-35.7895
-19.4205
-28.14
-37.9825
-26.7105
-36.0915
-39.391
-26.233
-16.784
-36.192
-25.14
-18.1385
-28.4245
-32.3135
-33.103
-29.112
-22.1895
-29.99
-31.7685
-22.8455
-39.94
-33.889
