-16.084
-14.209
-14.015
-10.491
-6.261
-10.202
-8.518
-8.234
-7.041
-14.444
-15.303
-18.579
-9.212
-15.153
-10.307
-2.383
-13.65
-3.987
-4.127
-10.074
-0.483
-6.562
-10.372
-7.659
-8.303
-13.633
-1.97
-7.6395
-16.2255
-18.6335
-13.5
-15.3595
-7.1915
-13.903
11.6825
-9.9375
-15.6895
-20.03
-21.029
-17.212
-11.17
3.36
-14.368
15.934
-8.1515
-20.389
-12.9295
-10.4655
-11.6085
-10.449
-9.3
-13.9355
1.399
-9.459
2.031
-8.245
-13.803
-23.274
-5.9285
6.646
-10.182
-2.785
-17.731
-14.722
13.654
-12.078
-13.8565
23.8365
-16.343
-21.023
-17.009
-5.587
-15.137
-6.924
-12.1015
-18.2905
-19.304
-27.873
-9.394
-15.269
-13.224
-6.9335
-15.336
2.773
-13.5165
-10.066
-16.399
-10.9895
-8.446
-7.04
-7.6595
-9.43
-10.7555
-20.298
-4.893
-14.5595
-14.116
0.294
-8.712
2.759
-7.458
