-5.9765
-18.267
-20.5075
-14.1875
-17.191
-20.1335
-23.571
-23.7365
-25.166
-20.1885
-17.12
-18.4525
-9.5295
-28.5645
-21.517
-23.336
-20.8415
-25.566
-23.3845
-15.9105
-23.3435
-21.5525
-24.7735
-30.9595
-17.787
-24.6395
-37.6695
-23.314
-23.6885
-28.366
-20.0835
-20.783
-28.235
-25.53
-17.7265
-25.0065
-29.9305
-25.9195
-29.3165
-23.9205
-23.43
-23.291
-17.5765
-16.2165
-13.699
-16.524
-13.3385
-25.291
-14.537
-18.8515
-21.8145
-27.742
-23.527
-20.1095
-25.8855
-25.952
-23.1955
-22.6605
-26.0305
-23.68
-24.405
-19.7295
-17.24
-20.3195
-22.5205
-19.2335
-14.499
-15.967
-24.1455
-19.6425
-20.9005
-21.9915
-16.8975
-26.2765
-25.5875
-22.852
-32.854
-26.247
-31.5985
-17.0855
-16.602
-9.17
-21.324
-20.6535
-39.9455
-31.527
-24.8045
-24.543
-23.1235
-29.1305
-23.5435
-24.8315
-21.4775
-20.228
-32.59
-26.5875
-28.756
-28.9945
-28.909
-23.7735
-19.888
