-20.355
-18.055
-24.8655
-27.826
-19.9785
-11.84
-11.016
-15.177
-9.859
-15.9605
-8.8685
-14.242
-16.9895
-22.867
-18.092
-9.8125
-21.2085
-23.15
-24.082
-31.574
-19.234
-23.5325
-22.7725
-16.88
-12.94
0.358
-16.364
-21.261
-14.0215
-9.7285
-9.3505
-16.5035
-17.9755
-19.388
-10.034
-16.0395
-14.0345
-16.424
-25.129
-22.112
-30.9665
-26.5395
-26.412
-33.514
-20.8875
-26.367
-18.447
-18.242
-16.5855
-15.1445
-15.958
-21.684
-22.221
-25.7355
-28.011
-15.5535
-17.788
-25.149
-17.8385
-16.6965
-25.7515
-22.794
-29.121
-26.3705
-26.106
-25.376
-23.392
-35.558
-27.191
-20.997
-30.3575
-33.7005
-33.013
-23.836
-19.074
-28.8325
-34.4155
-27.0815
-26.239
-13.789
-14.3975
-25.7755
-26.1655
-21.2595
-23.5535
-20.9975
-18.074
-32.1605
-33.6205
-32.2355
-31.412
-31.268
-28.612
-33.939
-19.2615
-19.4785
-30.148
-28.452
-26.118
-31.437
-25.7725
