-15.1105
-23.9335
-15.9295
-19.014
-19.5065
-11.6315
-25.076
-20.518
-22.9575
-12.3945
-25.1205
-30.888
-23.1715
-22.8325
-25.4435
-16.4425
-27.0075
-28.489
-15.956
-15.8075
-18.9575
-22.4265
-24.2475
-22.6415
-15.475
-16.355
-18.284
-16.7195
-16.3995
-20.6145
-18.805
-27.4715
-26.9625
-14.7335
-17.8615
-28.8735
-18.486
-22.7785
-27.7005
-19.4305
-17.7675
-18.823
-21.7335
-25.003
-26.304
-17.1775
-28.436
-23.3705
-19.6385
-9.3505
-19.233
-17.3365
-18.0525
-23.8855
-12.5925
-24.704
-18.9215
-24.518
-24.6935
-17.3055
-26.1365
-21.267
-32.447
-29.083
-25.969
-21.8605
-27.8235
-24.695
-18.762
-17.9955
-29.9555
-26.0685
-21.9335
-17.9055
-18.158
-16.043
-17.9665
-15.282
-20.0835
-22.9985
-14.529
-14.1275
-21.007
-14.536
-18.381
-15.8205
-16.608
-16.539
-15.2645
-20.1375
-3.1695
-28.2665
-25.407
-16.037
-11.165
-14.183
-11.3055
-14.3455
-14.286
-20.8755
-22.888
