-7.4615
-8.8355
-12.9585
-20.943
-13.4145
-12.3025
-9.24
-10.1305
-19.3165
-11.862
-11.6125
-14.9215
-18.204
-16.3085
-16.236
-15.6915
-21.749
-22.3715
-16.41
-16.252
-13.0345
-23.9585
-17.801
-21.663
-14.3895
-17.6555
-8.2945
-16.3005
-18.3145
-24.69
-19.7135
-9.527
-18.2215
-10.535
-17.1155
-19.075
-23.9595
-14.9635
-12.982
-23.623
-17.3945
-22.021
-25.6125
-19.628
-12.821
-17.7825
-15.3915
-12.5565
-15.1475
-11.4585
-22.5245
-12.2665
-19.597
-12.8775
-25.6485
-14.601
-19.746
-16.3745
-11.0315
-22.3675
-20.3095
-22.7655
-6.288
-7.24
-14.4465
-10.325
-6.6675
-14.661
-10.548
-20.544
-16.7445
-17.652
-10.3655
-10.279
-12.487
-16.909
-11.4015
-10.2145
-14.522
-18.626
-13.9235
-12.284
-11.713
-12.1535
-13.2385
-15.96
-12.1285
-18.906
-11.842
-20.9975
-13.414
-13.7615
-15.42
-13.1015
-16.979
-16.0025
-18.21
-15.631
-14.3995
-19.747
-19.9465
