-22.081
-27.049
-24.977
-24.04
-16.1015
-19.789
-17.807
-17.912
-18.223
-25.4745
-26.0265
-20.385
-20.1475
-20.5575
-19.097
-20.4365
-21.751
-16.428
-17.468
-29.297
-19.967
-17.2735
-22.476
-23.7055
-27.905
-20.688
-27.7625
-15.303
-22.3075
-26.011
-18.5275
-27.018
-14.121
-18.162
-21.235
-18.444
-14.667
-12.5855
-8.733
-21.8145
-11.197
-10.424
-3.805
-28.224
-10.3485
-24.526
-26.625
-25.705
-22.658
-30.329
-28.8995
-33.3835
-25.467
-29.202
-32.3295
-26.919
-22.6045
-27.7195
-30.305
-26.449
-27.2725
-30.32
-32.223
-32.7535
-24.085
-20.634
-29.78
-20.9895
-25.697
-17.101
-23.6145
-17.156
-22.2635
-28.099
-26.242
-26.359
-22.175
-19.3735
-26.691
-22.1295
-29.5365
-23.4725
-16.2175
-21.145
-24.051
-17.36
-21.3845
-19.284
-22.175
-21.691
-29.3675
-34.142
-20.343
-30.69
-17.492
-15.71
-13.2615
-24.963
-26.0725
-25.5665
-25.911
