-1.0230    -0.9168    -1.8803    -1.7167    -3.7792    -2.5314    -1.5102    -1.3671    -1.6417    -1.6354    -1.6420    -0.7550    -0.5730    -0.4200    -0.2000    
-1.1793    -0.6830    -1.3916    -0.8800    0.5028     -2.7171    -3.0067    -1.7378    -2.0770    -1.9036    -1.5545    -0.9420    -0.9962    -0.6080    -0.4810    
-0.4155    -1.3143    -1.4175    -1.9979    -3.5150    -2.2445    -3.6553    -1.6768    -1.4156    -1.7097    1.6501     -0.6980    -0.8352    -0.4930    -0.3712    
0.3519     -1.3002    -1.8394    -2.7080    -3.7126    -2.4053    -3.6193    -2.7301    -1.5021    -1.9196    5.4269     -0.8660    -1.6081    -0.4890    -0.4547    
-0.9923    -0.0507    -1.3353    -1.2906    -3.6612    -3.4816    -2.1274    -1.5067    -1.9724    -2.0145    0.0973     -0.8989    -1.3037    -0.5550    -0.4580    
-0.6756    -1.3386    -1.6770    -1.8006    -4.2192    -1.9409    -2.4018    -1.8457    -1.4074    -1.4292    -1.5874    -0.7690    -1.1180    -0.4350    -0.3980    
-1.1573    -1.7740    -1.6183    -1.1312    -5.1505    -2.1489    -3.1414    -1.5550    -1.7723    -1.8794    -1.4965    -1.0300    -1.2765    -0.6030    -0.5230    
-0.8752    -2.2939    -2.2100    -1.7325    -2.7811    -2.6669    -1.8567    -1.5183    -1.7942    -1.5835    -0.1687    -0.8490    -0.4780    -0.4782    -0.3310    
-0.8280    -2.4710    -2.0776    -2.4627    -3.3493    -2.3703    -2.9814    -1.1776    -1.8031    -1.9516    -1.5065    -0.9650    -1.0931    -0.5300    -0.4590    
-0.9027    -2.8454    -1.5820    -1.8639    -2.6372    -2.3763    -2.5392    -0.7422    -1.8251    -1.7740    -1.4974    -0.8760    -1.0310    -0.4280    -0.4590    
0.8582     -0.8575    -2.2456    -3.1063    -1.3699    -1.6435    -2.5415    -1.7070    -1.4892    -0.9197    -0.5590    -0.5900    -0.2481    -0.3440    -0.2750    
-0.7880    -1.8092    -2.0101    -2.5807    -2.0311    -1.9057    -1.6517    -1.9453    -1.6557    -1.0350    -1.1858    -0.7570    0.0937     -0.5620    -0.4080    
