
-1.9572    -1.2907    -1.5938    -1.8292    -1.0903    -0.8937    -2.1921    -0.5778    -0.5874    -0.5260    -0.2880    -0.2043    -0.0464    -0.2779    -0.4904    
0.6974     -1.2035    0.7614     -1.9110    -0.9351    -0.7212    -2.1268    -0.5260    -0.5049    -0.5640    -0.0151    0.3919     0.2766     -0.1520    -0.3313    
-1.3491    -0.9540    -0.7684    -1.6773    -0.9136    -0.7210    -1.4718    -0.4750    -0.5724    -0.5111    -0.4015    -0.1975    -0.3332    -0.4791    -0.4075    
-3.0656    -0.9882    -2.0460    -1.9761    -1.2909    -1.0041    -2.6984    -0.6640    -0.7900    -0.7675    -0.6185    -0.0767    -0.5524    -0.0990    -0.4551    
-2.8955    -1.4319    -1.8572    -1.6890    -1.1818    -1.0806    -2.1450    -0.5283    -0.6074    -0.4406    -0.1092    1.1063     -0.6555    -0.0175    -0.2473    
-0.6183    -1.3242    -1.4749    -2.0240    -1.1180    -1.0632    -2.7228    -0.7360    -0.6513    -0.9628    -0.6161    -0.4872    -0.5418    -0.2544    -0.3391    
-1.1978    -1.1716    -1.3587    -1.8698    -1.0536    -0.6748    -1.6312    -0.6280    -0.5663    -0.4755    -0.8190    -0.7068    -0.3132    -0.2040    -0.3219    
2.6829     -0.9723    -0.6213    -1.7993    -1.0815    -0.8439    -1.1954    -0.5521    -0.5232    -0.6792    -0.4996    -0.2330    1.7720     -0.0492    -0.2302    
-1.4981    -1.0430    -1.4706    -2.2039    -1.2192    -0.8081    -1.7899    -0.6820    -0.5337    -0.5068    -0.3844    -0.2975    -0.1686    -0.2264    -0.2602    
-2.3692    -1.5731    -1.2985    -1.7937    -1.0336    -0.5510    -1.1480    -0.6050    -0.4553    -0.5789    -0.5831    -0.3766    -0.0871    -0.4679    -0.2578    
-1.5555    -1.0809    -1.0197    -1.2306    -0.9217    -0.7250    -1.6447    -0.3830    -0.6320    -1.1330    -0.7545    -0.4269    -0.8053    -0.3257    -0.3008    
-1.8161    -0.6153    -1.1412    -1.1052    -0.9182    -0.5828    1.1088     -0.3738    -0.3971    -0.1755    -0.2909    -0.4146    -0.6599    -0.4079    -0.5142    
-0.5299    0.2708     1.0008     -0.1394    -0.3367    -0.9509    -0.7770    -0.4360    -1.0575    -1.8180    -0.8571    -2.3391    -1.1859    -1.2420    -3.4425    
-1.4440    -0.2493    -0.4770    -0.4700    -0.3576    -0.9686    -0.4824    -0.4470    -0.9809    -1.7800    -0.8409    -2.3510    -1.3303    -1.6559    -3.4727    
2.5374     -0.5490    -0.1495    -0.4770    -0.6388    -1.5309    -0.9700    -0.5460    -1.0297    -1.9590    -1.1366    -2.2694    -2.0904    -1.5725    -3.4391    
3.5742     -0.6584    -0.3411    -1.6249    -0.6306    -1.4577    -1.2383    -0.5480    -1.3107    -2.5776    -1.0136    -2.3880    -2.2278    -1.5004    -3.6682    
4.0010     0.1593     0.8069     -0.1118    -0.3857    -0.5382    -1.0670    -0.4080    -1.1908    -2.2613    -0.6996    -2.2130    -0.9754    -1.5430    -3.0939    
2.6473     -0.1771    0.9420     -0.2679    -0.4218    -1.0852    -0.6060    -0.4870    -1.3153    -2.4650    -0.8227    -2.3248    -1.4590    -1.3390    -3.2260    
-1.1453    -0.5205    -0.5479    -0.2599    -0.6479    -1.4607    -1.1540    -0.4780    -1.2148    -2.2239    -1.0284    -2.5593    -1.4506    -1.5530    -3.8946    
0.0204     -0.7248    -0.3904    -0.4930    -0.3804    -1.2628    -0.8940    -0.4810    -1.3560    -2.4685    -1.0102    -2.2347    -2.1783    -1.1260    -3.7841    
-1.1035    -0.6550    0.5007     -0.2335    -0.4554    -1.0887    -0.9220    -0.5100    -1.0723    -2.1836    -0.9443    -2.1331    -1.6114    -1.1510    -3.2467    
-0.7381    -0.4146    -0.8182    -0.3850    -0.2850    -1.2479    -1.0620    -0.4300    -1.0705    -2.2050    -0.7549    -2.1030    -1.8380    -1.0880    -3.3063    
-1.3368    -0.3527    -0.4189    -0.6810    -0.6791    -1.2428    -0.7040    -0.3990    -1.0590    -1.7830    -0.8587    -1.9590    -1.8969    -1.0530    -2.8174    
-0.8433    -1.2615    -1.0216    -0.8080    -0.7796    -2.0469    -1.1180    -0.4780    -1.2127    -2.4246    -0.7494    -2.2067    -1.4607    -1.2160    -3.9370    
-1.0230    -0.9168    -1.8803    -1.7167    -3.7792    -2.5314    -1.5102    -1.3671    -1.6417    -1.6354    -1.6420    -0.7550    -0.5730    -0.4200    -0.2000    
-1.1793    -0.6830    -1.3916    -0.8800    0.5028     -2.7171    -3.0067    -1.7378    -2.0770    -1.9036    -1.5545    -0.9420    -0.9962    -0.6080    -0.4810    
-0.4155    -1.3143    -1.4175    -1.9979    -3.5150    -2.2445    -3.6553    -1.6768    -1.4156    -1.7097    1.6501     -0.6980    -0.8352    -0.4930    -0.3712    
0.3519     -1.3002    -1.8394    -2.7080    -3.7126    -2.4053    -3.6193    -2.7301    -1.5021    -1.9196    5.4269     -0.8660    -1.6081    -0.4890    -0.4547    
-0.9923    -0.0507    -1.3353    -1.2906    -3.6612    -3.4816    -2.1274    -1.5067    -1.9724    -2.0145    0.0973     -0.8989    -1.3037    -0.5550    -0.4580    
-0.6756    -1.3386    -1.6770    -1.8006    -4.2192    -1.9409    -2.4018    -1.8457    -1.4074    -1.4292    -1.5874    -0.7690    -1.1180    -0.4350    -0.3980    
-1.1573    -1.7740    -1.6183    -1.1312    -5.1505    -2.1489    -3.1414    -1.5550    -1.7723    -1.8794    -1.4965    -1.0300    -1.2765    -0.6030    -0.5230    
-0.8752    -2.2939    -2.2100    -1.7325    -2.7811    -2.6669    -1.8567    -1.5183    -1.7942    -1.5835    -0.1687    -0.8490    -0.4780    -0.4782    -0.3310    
-0.8280    -2.4710    -2.0776    -2.4627    -3.3493    -2.3703    -2.9814    -1.1776    -1.8031    -1.9516    -1.5065    -0.9650    -1.0931    -0.5300    -0.4590    
-0.9027    -2.8454    -1.5820    -1.8639    -2.6372    -2.3763    -2.5392    -0.7422    -1.8251    -1.7740    -1.4974    -0.8760    -1.0310    -0.4280    -0.4590    
0.8582     -0.8575    -2.2456    -3.1063    -1.3699    -1.6435    -2.5415    -1.7070    -1.4892    -0.9197    -0.5590    -0.5900    -0.2481    -0.3440    -0.2750    
-0.7880    -1.8092    -2.0101    -2.5807    -2.0311    -1.9057    -1.6517    -1.9453    -1.6557    -1.0350    -1.1858    -0.7570    0.0937     -0.5620    -0.4080    
-1.3809    4.1477     -0.9578    1.3339     -1.0139    -0.4578    -0.6421    -0.8619    -0.4826    -0.3586    -0.6779    -0.4070    -0.6618    -0.2898    -0.3484    
1.3468     0.6578     -0.1429    0.1100     -0.0497    -0.1678    -0.4970    -0.0717    -0.2438    -0.2884    1.0646     -0.2960    -0.5525    -0.4024    -0.4516    
0.0673     -1.7971    -0.1787    0.7562     -0.8197    -0.6083    -1.1198    -0.4530    -0.6928    -1.1308    2.7773     -0.5530    -0.7833    -0.4979    -0.5761    
-0.1505    1.2941     0.0017     9.6384     3.8683     0.1467     -0.3601    0.1592     0.1026     0.2686     16.9522    0.0388     2.4906     0.1781     -0.2250    
0.2817     0.3206     0.0226     2.3294     0.1998     0.1627     0.0229     0.0399     0.0028     0.2084     12.7049    -0.1209    0.0750     -0.2443    -0.1930    
-1.0025    2.3814     -0.7223    -0.0539    -0.8714    -0.2754    -0.0977    -0.1861    -0.2694    -0.3726    6.7469     -0.4109    -1.0516    -0.2700    -0.5400    
-0.4886    1.7500     0.1343     -0.2582    -0.4405    -0.1606    0.0589     -0.1258    -0.2314    -0.2531    6.5887     -0.3700    -0.7652    -0.4213    -0.3326    
-0.5291    7.1257     -0.2273    4.6251     0.1493     -0.1273    -0.3693    -0.4051    -0.3020    -0.1863    1.6054     -0.3863    -0.5102    -0.4218    -0.2301    
-1.3794    3.4124     -0.4026    -1.5875    -1.2802    -0.4050    -0.3772    -0.7201    -0.6468    -0.4980    -0.0551    -0.4040    -0.6255    -0.4099    -0.2578    
-0.6113    0.3685     -0.8746    -1.3295    -1.3137    -0.5550    -0.9997    -0.3790    -0.5077    -0.6523    5.6606     -0.4730    -1.1707    -0.4911    -0.5220    
-0.5778    7.0522     -0.4019    2.5133     -0.7619    -0.5283    -1.4052    -0.2667    -0.4782    -0.4588    -0.2997    -0.4510    -1.1872    -0.3680    -0.2252    
0.0658     5.6463     0.6825     3.6549     0.5304     0.0379     -0.5807    -0.2575    -0.2588    -0.3877    4.5178     -0.3432    -0.2501    -0.3638    -0.2305    
