-1.3809    4.1477     -0.9578    1.3339     -1.0139    -0.4578    -0.6421    -0.8619    -0.4826    -0.3586    -0.6779    -0.4070    -0.6618    -0.2898    -0.3484    
1.3468     0.6578     -0.1429    0.1100     -0.0497    -0.1678    -0.4970    -0.0717    -0.2438    -0.2884    1.0646     -0.2960    -0.5525    -0.4024    -0.4516    
0.0673     -1.7971    -0.1787    0.7562     -0.8197    -0.6083    -1.1198    -0.4530    -0.6928    -1.1308    2.7773     -0.5530    -0.7833    -0.4979    -0.5761    
-0.1505    1.2941     0.0017     9.6384     3.8683     0.1467     -0.3601    0.1592     0.1026     0.2686     16.9522    0.0388     2.4906     0.1781     -0.2250    
0.2817     0.3206     0.0226     2.3294     0.1998     0.1627     0.0229     0.0399     0.0028     0.2084     12.7049    -0.1209    0.0750     -0.2443    -0.1930    
-1.0025    2.3814     -0.7223    -0.0539    -0.8714    -0.2754    -0.0977    -0.1861    -0.2694    -0.3726    6.7469     -0.4109    -1.0516    -0.2700    -0.5400    
-0.4886    1.7500     0.1343     -0.2582    -0.4405    -0.1606    0.0589     -0.1258    -0.2314    -0.2531    6.5887     -0.3700    -0.7652    -0.4213    -0.3326    
-0.5291    7.1257     -0.2273    4.6251     0.1493     -0.1273    -0.3693    -0.4051    -0.3020    -0.1863    1.6054     -0.3863    -0.5102    -0.4218    -0.2301    
-1.3794    3.4124     -0.4026    -1.5875    -1.2802    -0.4050    -0.3772    -0.7201    -0.6468    -0.4980    -0.0551    -0.4040    -0.6255    -0.4099    -0.2578    
-0.6113    0.3685     -0.8746    -1.3295    -1.3137    -0.5550    -0.9997    -0.3790    -0.5077    -0.6523    5.6606     -0.4730    -1.1707    -0.4911    -0.5220    
-0.5778    7.0522     -0.4019    2.5133     -0.7619    -0.5283    -1.4052    -0.2667    -0.4782    -0.4588    -0.2997    -0.4510    -1.1872    -0.3680    -0.2252    
0.0658     5.6463     0.6825     3.6549     0.5304     0.0379     -0.5807    -0.2575    -0.2588    -0.3877    4.5178     -0.3432    -0.2501    -0.3638    -0.2305    
