    -4.74618                0
    -4.55246                0
    -4.35874                0
    -4.16501                0
    -3.97129                0
    -3.77757                0
    -3.58385       0.00025237
    -3.39013        0.0118026
    -3.19641         0.203037
    -3.00268          2.03656
    -2.80896          14.3725
    -2.61524          71.8512
    -2.42152          243.634
     -2.2278          545.714
    -2.03408          831.551
    -1.84035          986.076
    -1.64663          1025.17
    -1.45291          983.849
    -1.25919          919.688
    -1.06547          883.995
   -0.871747          869.859
   -0.678025          854.228
   -0.484304           823.15
   -0.290582          762.014
  -0.0968608          693.418
   0.0968608          694.442
    0.290582          763.194
    0.484304           823.73
    0.678025          855.192
    0.871747           872.11
     1.06547          886.381
     1.25919          922.785
     1.45291              992
     1.64663          1019.43
     1.84035          973.668
     2.03408          820.704
      2.2278          543.463
     2.42152          251.733
     2.61524          76.0371
     2.80896          15.4032
     3.00268          2.05723
     3.19641         0.164546
     3.39013       0.00730144
     3.58385       0.00016059
     3.77757                0
     3.97129                0
     4.16501                0
     4.35874                0
     4.55246                0
     4.74618                0
