    -4.73007                0
    -4.53701                0
    -4.34395                0
    -4.15088                0
    -3.95782                0
    -3.76475                0
    -3.57169      0.000509379
    -3.37862        0.0110416
    -3.18556         0.188832
     -2.9925          2.05707
    -2.79943          15.0669
    -2.60637          73.8763
     -2.4133          246.305
    -2.22024          547.024
    -2.02717          834.302
    -1.83411          986.522
    -1.64105          1024.61
    -1.44798          982.573
    -1.25492          918.259
    -1.06185          882.877
   -0.868789          868.811
   -0.675725           852.88
   -0.482661          821.252
   -0.289596          762.637
  -0.0965321          697.094
   0.0965321          695.355
    0.289596          760.927
    0.482661          820.769
    0.675725           854.09
    0.868789          871.897
     1.06185          886.769
     1.25492          925.071
     1.44798          979.409
     1.64105          1013.58
     1.83411          967.486
     2.02717          810.965
     2.22024          549.399
      2.4133          265.191
     2.60637          84.2746
     2.79943          17.4327
      2.9925          2.32426
     3.18556         0.179237
     3.37862       0.00605804
     3.57169      1.14206e-05
     3.76475                0
     3.95782                0
     4.15088                0
     4.34395                0
     4.53701                0
     4.73007                0
