    -4.53626                0
     -4.3511                0
    -4.16595                0
     -3.9808                0
    -3.79564                0
    -3.61049                0
    -3.42534       0.00163492
    -3.24018        0.0440957
    -3.05503         0.536639
    -2.86988          4.23093
    -2.68472          24.2827
    -2.49957          100.188
    -2.31442          288.897
    -2.12926          575.414
    -1.94411          828.282
    -1.75896          962.786
     -1.5738          998.316
    -1.38865          965.799
     -1.2035          912.789
    -1.01834          880.364
    -0.83319          864.591
   -0.648037          845.968
   -0.462883          813.624
    -0.27773          762.684
  -0.0925767          713.446
   0.0925767          711.558
     0.27773          761.521
    0.462883            815.6
    0.648037          845.081
     0.83319          858.519
     1.01834          871.296
      1.2035          897.532
     1.38865          935.523
      1.5738          956.127
     1.75896          917.822
     1.94411          780.502
     2.12926          569.971
     2.31442          337.509
     2.49957          149.015
     2.68472          47.7419
     2.86988          10.9891
     3.05503           1.6294
     3.24018          0.14429
     3.42534       0.00657011
     3.61049      6.60381e-05
     3.79564                0
      3.9808                0
     4.16595                0
      4.3511                0
     4.53626                0
