-24.9485
-24.3185
-18.3765
-16.858
-19.201
-22.558
-12.808
-16.8175
-23.4805
-11.7515
-24.707
-23.2145
-17.685
-23.897
-17.6835
-5.731
-30.418
-4.679
-21.868
-13.2055
-18.1645
-30.3265
-16.303
-26.866
-31.3045
-32.312
-19.495
-12.107
-23.233
-33.384
-26.7115
-20.5875
-13.5475
-17.2015
-17.781
-23.049
-17.9105
-23.6485
-25.567
-31.2785
-26.8975
-24.883
-26.032
-17.966
-26.403
-25.019
-22.169
-26.471
-15.78
-13.0685
-19.505
-23.689
-15.3555
-24.712
-22.229
-23.97
-8.2535
-15.974
-12.643
-7.3875
-20.996
-15.816
-19.6015
-11.53
-9.069
-20.5705
-22.685
-16.01
-21.6095
-24.447
-23.91
-15.7815
-19.463
-11.105
-9.466
-9.061
-5.653
-20.083
-12.69
-22.145
-8.053
-20.8415
-25.508
-13.061
-22.58
-15.9595
-15.039
-17.957
-12.5525
-18.717
-19.2595
-26.25
-18.859
-19.32
-9.005
-19.079
-28.171
-21.321
-26.2045
-26.021
-15.692
