-12.334
-9.563
-14.385
-14.194
-20.07
-13.9805
-15.041
-16.604
-9.352
-7.108
-15.542
-5.542
-14.656
-16.707
-19.731
-13.9185
-16.4755
-9.7945
-15.3915
-4.9355
-11.798
-11.5095
-13.589
-12.0355
-22.6295
-9.911
-17.303
-17.84
-16.25
-17.326
-14.771
-10.7315
-5.6505
-14.098
-11.324
-12.65
-11.493
-14.208
-10.024
-7.521
-11.6285
-11.784
-24.4245
-18.44
-18.4525
-11.9035
-8.08
-3.56
-3.6055
5.717
0.229
-6.777
1.7295
-1.221
-14.093
-3.98
-8.0985
-14.0985
-12.6935
-11.499
-13.656
-6.026
-9.606
-17.043
-10.9785
-19.351
-11.7775
-14.8265
-15.172
-12.843
-10.0765
-21.8965
-22.5005
-26.833
-18.4075
-17.974
-11.3185
-19.068
-15.725
-15.495
-22.7325
-17.584
-10.5935
-22.933
-20.726
-24.437
-21.9465
-13.1015
-20.481
-18.458
-17.0885
-27.7185
-19.531
-23.7465
-30.008
-21.181
-21.362
-24.4225
-23.5225
-30.3315
-31.126
