-22.417
-25.0365
-11.8785
-16.5455
-4.5085
-13.463
-12.7685
-6.461
-4.261
-10.7605
-10.7785
-15.3705
-9.448
-17.309
-16.211
-6.946
-4.736
-20.735
-17.414
-16.8405
-2.0735
-13.956
-8.666
-24.14
-12.0635
-13.3805
-22.466
-14.6065
-17.803
-16.9195
-4.575
-6.3705
-10.7325
-14.066
0.949
-7.622
-13.834
-10.2765
-7.661
-6.7455
-12.5635
-7.166
-6.059
-12.0665
-16.8805
-19.141
-7.6095
-12.6015
-13.581
-11.188
-11.825
-8.368
-16.749
-16.472
-26.563
-13.1885
-14.136
-6.533
-6.1945
-5.545
-5.517
-15.708
-8.737
-6.687
-11.57
-11.3085
-17.09
-18.8845
-20.114
-13.729
-13.157
-12.732
-10.641
-13.3285
-17.3375
-14.754
-15.892
-22.3675
-19.473
-15.7235
-16.6795
-9.548
-7.638
-12.485
-14.597
-2.807
-15.6435
-8.517
-16.658
-13.3875
-21.0325
-19.202
-16.4095
-11.975
-8.1
-5.7235
-5.636
-8.721
-5.3645
-11.5635
-9.33
