-6.0035
-11.68
-5.915
-1.1505
-7.4065
1.661
-6.114
-10.8945
-3.79
-13.5235
-1.1935
-7.9775
-2.86
-8.779
-5.31
-10.637
-15.8865
-8.0975
-7.232
-4.602
-2.984
-6.704
-7.922
-13.603
-6.225
-4.374
-6.946
-10.3995
-14.5865
-23.4555
-12.262
-14.475
-12.6895
-12.2875
-17.936
-8.2185
-15.723
0.476
-13.97
-7.756
-3.549
-17.5025
-19.4
-14.618
-16.575
-6.852
-6.982
3.2805
-9.185
-19.646
-18.065
-7.648
-14.065
-15.778
-9.8735
-14.925
-25.51
-20.9855
-18.4705
-28.903
-14.7095
-21.003
-18.4785
-16.037
-28.0945
-14.402
-20.651
-16.1995
-16.0945
-13.291
-5.9745
-12.1375
-0.768
-16.3725
-6.842
-11.169
-14.3455
-22.3455
-17.493
-15.3955
-9.0295
-11.267
-8.1635
-8.3355
-11.542
-18.85
-12.724
-9.1955
-3.5695
-13.2485
-24.325
-26.3545
-24.7735
-19.3765
-36.491
-28.31
-16.0585
-17.86
-13.171
-20.7105
-16.1135
