-9.513
-10.966
-10.514
-11.722
-5.6665
-12.369
-16.1545
-16.8445
-18.295
-29.989
-28.5795
-23.2635
-19.6085
-17.899
-19.404
-14.52
-13.6665
-13.529
-10.2295
-15.5045
-8.515
-10.6645
-10.4955
-21.056
-19.7485
-14.103
-16.179
-15.197
-13.98
-12.0145
-18.074
-22.8335
-16.233
-16.288
-26.142
-27.163
-16.8655
-11.343
-19.274
-13.673
-5.9265
-12.883
-20.912
-5.7575
-16.451
-8.0345
-10.726
-10.643
-10.7865
-13.822
-13.738
-20.985
-22.2645
-22.0305
-17.663
-25.9595
-19.997
-6.3915
-11.094
-13.75
-12.831
-23.818
-13.813
-20.2305
-23.4135
-19.1295
-17.388
-14.456
-10.7025
-17.238
-8.5105
-13.3555
-24.21
-15.5835
-22.0445
-13.977
-16.418
-20.2855
-17.0665
-29.5805
-23.1475
-19.744
-23.1355
-16.513
-20.6645
-29.8935
-32.782
-23.5575
-27.978
-22.7635
-23.4865
-23.404
-23.5755
-10.1455
-7.5095
-11.2785
-11.182
-20.8935
-18.4955
-19.6735
-13.595
