-14.47
-18.714
-12.015
-13.082
-14.442
-14.572
-12.741
-14.665
-14.076
-11.625
-12.083
-9.135
-14.606
-16.023
-14.786
-6.847
-19.59
-21.463
-17.99
-19.516
-14.519
-18.45
-15.8395
-15.065
-23.4575
-15.651
-19.406
-14.0635
-13.786
-12.429
-11.182
-10.4895
-14.615
-12.877
-14.5295
-12.92
-16.215
-11.049
-18.0735
-20.6635
-18.927
-21.966
-15.7905
-7.177
-9.278
-13.446
-18.3025
-17.099
-11.2585
-15.454
-13.7975
-19.483
-11.182
-19.01
-20.248
-12.466
-18.1
-16.698
-16.956
-19.326
-19.082
-16.588
-18.475
-13.889
-16.122
-16.362
-20.184
-17.943
-17.375
-15.128
-17.6115
-13.177
-10.621
-18.952
-13.847
-13.21
-9.666
-8.959
-11.242
-16.975
-13.927
-18.775
-12.245
-15.534
-14.713
-16.037
-19.628
-18.182
-21.12
-20.607
-17.162
-16.667
-17.303
-13.581
-23.359
-25.751
-19.113
-15.147
-16.8595
-19.243
-22.008
