-12.536
-17.585
-11.864
-16.423
-13.366
-19.4495
-15.543
-11.68
-13.001
-14.48
-16.778
-12.109
-15.65
-19.6185
-16.003
-12.149
-13.541
-16.899
-23.8255
-21.962
-11.659
-14.877
-18.8995
-17.4075
-15.866
-17.096
-5.5
-11.1305
-11.581
-12.6
-16.726
-12.538
-21.0295
-21.984
-14.68
-18.12
-19.1395
-15.6345
-9.8655
-12.6895
-6.578
-11.008
-14.104
-14.681
-22.406
-17.813
-15.573
-13.579
-16.836
-15.698
-19.0085
-15.942
-15.74
-10.119
-15.93
-10.166
-6.479
-7.866
-13.499
-3.642
-7.101
-13.111
-15.6945
-14.2905
-20.963
-19.271
-15.9165
-16.6085
-13.336
-16.222
-7.099
-16.605
-12.337
-12.492
-17.887
-20.466
-20.388
-20.4885
-11.023
-16.7385
-13.164
-6.359
-6.5945
-1.602
-12.986
-12.6025
-10.547
-4.378
-6.22
-13.657
-16.724
-18.8505
-11.39
-8.822
-12.725
-5.182
-16.191
-6.5375
-8.929
-17.043
-9.5605
