-22.7485
-20.5175
-22.2565
-32.329
-14.8345
-25.1835
-19.7375
-14.9515
-25.4815
-30.1435
-30.1165
-24.4665
-27.8485
-30.966
-21.477
-21.5045
-25.6665
-9.848
-5.5375
-19.6965
-28.3875
-5.888
-13.459
-9.016
-19.3435
-7.391
-18.9825
-16.3
-15.0945
-20.1835
-8.0365
-11.101
-11.8685
-17.715
-11.2515
-20.698
-17.374
-15.7605
-16.0545
-17.358
-12.464
-16.4055
-15.318
-18.8275
-17.1425
-16.2365
-16.458
-12.2835
-12.4695
-16.4935
-14.1975
-7.7795
-15.2805
-16.2185
-10.573
-8.6815
-14.545
-11.5075
-22.1775
-28.2565
-18.288
-19.6645
-24.1865
-6.6265
-21.724
-18.74
-17.3975
-12.134
-6.925
-9.967
-12.7655
-13.116
-13.249
-8.655
-12.954
-17.675
-9.8925
-25.9835
-25.8135
-17.2205
-10.975
-16.1705
-24.217
-19.4375
-22.24
-28.544
-24.1385
-32.217
-27.4505
-25.8515
-36.782
-32.5105
-27.332
-22.9645
-17.255
-20.8475
-17.6995
-22.749
-21.466
-24.3345
-22.751
