-33.7065
-31.585
-28.7545
-30.397
-20.0325
-25.6935
-22.5945
-22.303
-25.5365
-22.21
-19.885
-22.2775
-25.6025
-24.5115
-27.788
-27.503
-24.6455
-15.5635
-12.0925
-22.2165
-21.0735
-21.362
-24.1985
-20.823
-35.4935
-28.508
-15.38
-23.375
-20.2335
-7.7115
-20.95
-17.2555
-10.5625
-10.8805
-7.2295
-11.0855
0.076
-8.253
-13.2235
-11.432
-17.178
-23.068
-12.3345
-9.183
-15.684
-22.3805
-12.74
-19.5055
-14.0675
-13.2785
-15.197
-21.896
-15.038
-14.84
-20.9795
-17.3205
-19.11
-28.7785
-10.5235
-28.824
-28.8835
-19.3665
-22.9515
-18.5235
-11.298
-15.414
-14.3685
-28.018
-21.6115
-21.5755
-18.409
-24.4175
-22.0795
-16.358
-22.3655
-21.526
-29.1305
-19.1165
-22.617
-21.1715
-22.9715
-24.8145
-27.7605
-19.729
-13.7945
-11.9905
-13.1625
-14.9495
-22.7605
-13.1675
-19.624
-11.5435
-13.9315
-13.5915
-10.5075
-7.6425
-8.7395
-12.2715
-12.7165
-19.392
-18.025
