-11.8305
-0.261
-17.435
-14.605
-30.64
-22.9065
-12.243
-12.0595
-17.6535
-32.179
-30.9585
-27.2625
-21.9075
-28.639
-36.8145
-29.3395
-34.996
-25.7795
-33.2905
-30.2135
-12.935
-25.0155
-23.8885
-22.414
-29.5995
-21.9355
-36.819
-34.0005
-31.6195
-26.5525
-30.9755
-16.5585
-24.8335
-24.1065
-39.2315
-33.0535
-28.069
-44.998
-27.5215
-32.7915
-26.157
-23.5885
-25.8045
-25.459
-26.4465
-26.876
-19.95
-29.9425
-34.7935
-32.1135
-24.6095
-15.136
-15.0
-23.0685
-21.467
-31.6915
-28.316
-40.89
-42.191
-39.682
-34.759
-43.6055
-34.8335
-36.0275
-32.0475
-41.2095
-38.8005
-39.179
-45.4985
-38.339
-41.5465
-46.2155
-42.353
-45.3795
-45.8375
-51.691
-37.8595
-39.7895
-42.2705
-53.4495
-56.069
-50.3815
-47.1105
-51.516
-45.9175
-46.32
-49.0625
-48.1025
-53.404
-44.8395
-34.105
-47.5605
-50.6765
-49.107
-41.4215
-44.8365
-44.098
-41.041
-39.637
-39.6135
-35.5875
