-23.9995
-18.916
-24.5225
-11.397
-18.0435
-15.361
-12.196
-15.095
-19.713
-24.512
-28.441
-21.826
-28.8065
-21.818
-25.191
-22.563
-22.46
-18.485
-20.37
-19.603
-23.927
-17.176
-26.435
-20.791
-22.039
-23.925
-24.47
-29.859
-25.914
-25.005
-25.084
-25.407
-19.549
-20.066
-17.878
-17.5235
-24.139
-13.4
-23.1055
-11.04
-13.8295
-16.8185
-24.795
-17.288
-17.086
-17.364
-16.9585
-20.528
-18.285
-17.713
-20.368
-17.48
-16.041
-21.77
-17.857
-9.758
-16.587
-18.549
-14.245
-16.8125
-20.8995
-18.483
-21.458
-16.1275
-20.31
-17.442
-18.6
-12.7475
-17.311
-11.868
-17.1055
-15.98
-25.0635
-13.8255
-10.154
-15.692
-20.932
-16.8605
-16.714
-21.547
-16.3925
-20.925
-24.12
-19.671
-15.65
-20.079
-21.137
-15.2875
-22.1285
-26.5985
-16.142
-26.188
-19.825
-19.082
-16.986
-18.211
-17.012
-19.723
-22.153
-25.1715
-20.71
