-32.1095
-33.388
-40.669
-38.3325
-37.749
-38.4705
-40.705
-29.569
-24.83
-30.414
-39.4935
-29.2015
-29.5395
-30.0225
-30.0275
-40.365
-37.4795
-43.9705
-43.9395
-37.0465
-46.6185
-45.7165
-44.624
-39.0755
-40.991
-47.2505
-37.121
-45.4155
-43.435
-47.5435
-41.447
-39.951
-33.93
-28.353
-35.4995
-22.3205
-20.3805
-33.1865
-25.719
-31.242
-29.8405
-40.7415
-40.716
-36.46
-28.2195
-26.6835
-35.8495
-41.1575
-23.38
-35.601
-36.045
-36.2965
-23.755
-29.947
-34.8445
-42.4735
-45.364
-32.3635
-33.3245
-31.491
-35.3495
-37.6715
-43.2435
-36.253
-38.237
-36.266
-25.314
-28.9235
-28.407
-47.791
-30.9845
-38.2485
-23.988
-36.527
-42.7915
-36.7
-35.5625
-44.1895
-51.1155
-37.3405
-48.9085
-38.4125
-37.559
-34.1605
-36.0935
-42.883
-45.7485
-53.553
-38.06
-34.412
-30.4155
-36.8935
-36.975
-36.634
-36.913
-42.91
-44.2155
-34.917
-37.3795
-46.1365
-36.135
