-4.569
-11.7325
-4.553
-3.3825
-6.97
-8.762
-4.387
-8.368
-8.669
-9.955
-7.366
-9.9965
-9.262
-13.086
-10.1635
-14.341
-12.4505
-10.248
-8.135
-10.5595
-17.01
-18.514
-13.211
-19.803
-11.417
-17.945
-10.1075
-8.661
-9.818
-8.218
-8.974
-7.963
-7.944
-8.16
-9.906
-10.583
-13.407
-10.227
-16.41
-10.953
-22.392
-16.737
-13.7705
-10.941
-9.015
-7.269
-6.6
-9.617
-9.349
-13.101
-13.107
-11.687
-7.464
-7.584
-5.256
-6.969
-6.641
-5.491
-6.036
-12.135
-7.552
-9.748
-0.7835
-12.8
-12.53
-6.69
-5.004
-9.636
-3.105
-7.49
-11.156
-15.167
-1.271
-5.134
-6.996
-5.5955
-9.573
-10.869
-9.883
-7.802
-6.978
-9.139
-7.674
-9.955
-12.86
-13.566
-12.899
-10.138
-4.573
-3.533
-11.258
-9.8695
-9.437
-4.3765
-6.819
-6.176
-10.34
-11.129
-6.954
-10.1835
-7.471
