-12.839
-6.2
-11.0755
-14.231
-9.433
-9.724
-1.411
-10.253
-16.3505
-16.432
-15.73
-15.507
-15.503
-12.9195
-6.239
-9.177
-14.3
-11.277
-16.149
-10.775
-10.6345
-23.2995
-21.593
-15.254
-20.0495
-22.054
-12.624
-13.7095
-16.443
-14.3255
-17.322
-17.121
-13.7125
-20.778
-11.922
-14.5525
-7.281
-9.4095
-12.005
-9.249
-13.3515
-10.1835
-7.3445
-10.976
-12.3185
-16.1025
-14.257
-12.0945
-16.5435
-15.028
-17.029
-20.3255
-10.829
-15.069
-14.457
-12.368
-14.132
-18.977
-20.468
-7.661
-12.1015
-14.595
-9.6075
-24.379
-12.696
-11.542
-7.977
-12.101
-9.777
-6.493
-7.601
-11.337
-15.7995
-13.886
-9.5245
-24.9625
-15.4955
-11.795
-19.909
-24.2845
-19.545
-15.7145
-11.718
-2.295
-17.5625
-15.8485
-21.052
-18.166
-13.0085
-22.5035
-24.269
-19.9585
-20.562
-22.7335
-14.0665
-18.373
-18.3655
-22.876
-21.9035
-17.96
-12.3055
