-17.372
-33.858
-17.787
-9.0285
-15.8315
-9.13
-14.765
-17.331
-12.03
-15.279
-13.281
-13.432
-16.045
-10.737
-8.86
-6.359
-7.0675
-10.373
-21.06
-16.326
-7.817
-13.741
-13.461
-22.3405
-21.778
-10.13
-14.617
-12.6535
-17.972
-8.09
-14.409
-18.9545
-1.5815
-19.237
-16.462
-17.163
-14.107
-9.421
-17.848
-5.732
-11.608
-12.0695
-9.7515
-14.9775
-14.726
-15.076
-16.1825
-15.8405
-24.212
-14.415
-7.75
-15.632
-17.824
-10.285
-18.1635
-13.812
-21.006
-18.7505
-23.888
-18.01
-22.778
-18.9965
-25.986
-14.3715
-19.2965
-10.5475
-17.872
-18.9255
-13.84
-16.183
-20.401
-12.656
-15.5875
-15.298
-14.045
-12.449
-14.95
-23.22
-21.983
-20.902
-26.5535
-20.016
-22.643
-18.75
-20.793
-17.69
-18.5
-22.869
-21.768
-17.02
-7.825
-7.086
-4.186
-10.974
-6.392
-14.956
-4.424
-15.263
-9.175
-13.677
-14.039
