-17.9305
-14.808
-20.185
-26.644
-27.875
-26.4675
-18.373
-20.9625
-22.675
-23.7585
-23.735
-17.737
-17.716
-20.2045
-26.38
-21.468
-23.5805
-21.393
-26.2995
-19.6425
-26.853
-17.142
-25.989
-26.158
-29.561
-26.179
-22.475
-14.726
-14.6265
-14.472
-9.678
-16.638
-13.2555
-20.735
-11.462
-10.17
-12.602
-19.833
-15.184
-18.4925
-20.5565
-19.284
-24.544
-15.275
-16.867
-13.368
-13.2205
-9.376
-13.75
-17.1555
-15.5005
-13.872
-11.2785
-18.031
-13.033
-18.942
-12.244
-13.6485
-15.453
-16.4945
-14.528
-13.325
-16.3035
-19.5095
-25.208
-18.0955
-14.38
-26.5535
-14.8505
-20.686
-16.8385
-21.406
-20.2895
-14.371
-16.936
-12.2295
-16.011
-13.96
-23.377
-18.294
-19.618
-8.915
-18.3675
-21.9045
-14.42
-10.6285
-13.218
-12.351
-13.271
-14.961
-11.837
-9.603
-9.3225
-8.157
-3.0565
-16.0095
-13.018
-18.916
-12.417
-15.855
-14.348
