-19.7635
-15.695
-19.097
-14.7605
-14.656
-24.598
-25.001
-29.2085
-28.7125
-14.668
-19.957
-21.1465
-25.5
-14.9325
-15.8335
-11.6425
-11.735
-15.9005
-17.9555
-16.355
-17.046
-9.7355
-8.6315
-19.4615
-15.421
-17.568
-10.9955
-21.096
-10.75
-12.939
-19.245
-12.296
-16.7405
-16.918
-21.824
-21.6125
-23.017
-23.788
-18.5095
-27.4875
-21.208
-20.461
-14.573
-9.7135
-8.296
-16.9805
-9.736
-0.833
-15.829
-18.399
-20.0905
-13.9405
-15.821
-20.4295
-25.1
-19.719
-28.32
-24.101
-20.306
-19.1305
-23.505
-20.714
-17.953
-19.426
-22.65
-19.762
-21.048
-21.0535
-19.8775
-24.648
-24.384
-25.956
-21.4385
-17.311
-23.298
-25.445
-17.517
-13.042
-21.2395
-19.107
-22.0655
-21.9645
-16.7865
-15.661
-16.336
-20.8825
-15.0235
-14.9285
-18.0805
-17.806
-16.605
-29.6955
-25.1255
-25.751
-17.998
-19.5205
-29.809
-22.304
-30.579
-32.851
-25.052
