-8.488
-10.193
-10.963
-16.769
-11.099
-11.261
-13.402
-11.703
-19.635
-25.799
-14.562
-25.669
-27.7565
-17.594
-14.582
-22.663
-13.831
-9.588
-16.598
-8.5885
-14.732
-7.0215
-1.836
-19.161
-24.416
-17.598
-12.6725
-8.748
-14.231
-8.631
-20.658
-12.226
-15.259
-20.742
-19.243
-15.41
-12.136
-18.695
-17.602
-16.9185
-9.942
-14.257
-20.296
-19.65
-22.952
-13.878
-12.9745
-18.4595
-19.092
-10.964
-13.236
-8.33
-16.013
-16.557
-8.466
-6.72
-13.927
-6.615
-14.944
-12.1765
-9.93
-15.174
-7.0205
-13.262
-7.891
-6.983
-15.052
-11.813
-6.578
-15.168
-18.689
-21.967
-18.033
-22.589
-22.046
-12.334
-12.225
-10.227
-8.761
-1.124
-6.6125
-11.927
-13.649
-14.745
-12.618
-23.3
-18.9775
-26.589
-18.099
-18.87
-20.063
-19.04
-26.5735
-17.295
-16.681
-17.5545
-9.254
-10.043
-26.77
-28.696
-25.563
