-11.174
-10.3395
-18.441
-15.685
-26.439
-22.566
-14.207
-12.3335
-8.5935
-16.3515
-19.193
-15.8295
-18.3305
-20.12
-16.365
-21.011
-21.525
-15.1205
-13.607
-9.6355
-16.615
-25.317
-18.919
-26.9335
-25.747
-20.308
-18.748
-26.875
-18.7425
-19.451
-8.877
-27.8405
-26.676
-24.4505
-26.415
-13.759
-11.7165
-11.972
-33.765
-25.9125
-24.3645
-28.7835
-25.0315
-18.418
-25.1595
-19.894
-21.131
-18.8095
-16.338
-18.3145
-24.846
-27.5335
-27.009
-13.026
-18.6475
-30.846
-24.973
-17.518
-13.554
-14.499
-11.9205
-6.252
-12.9095
-6.559
-14.83
-19.52
-10.6515
-18.892
-20.401
-8.9555
-3.662
-18.547
-23.33
-20.64
-17.2245
-17.633
-11.2
-4.0375
-7.842
-10.338
-6.413
-23.048
-20.787
-2.162
-10.864
-20.8225
-14.704
-15.2885
-14.567
-1.069
-7.305
-10.91
-4.217
-1.419
-9.008
-8.055
-8.5715
-12.2185
-0.847
-5.637
-13.118
