-22.781
-18.339
-25.9965
-16.2
-22.0645
-14.5255
-17.172
-17.187
-16.578
-12.3195
-17.03
-14.716
-29.026
-21.179
-23.886
-10.992
-18.956
-26.905
-21.8135
-33.347
-22.182
-22.992
-17.73
-24.614
-15.649
-26.804
-21.733
-11.0205
-19.657
-14.9935
-13.939
-14.063
-20.1775
-8.0455
-21.602
-9.303
-13.8675
-10.978
-15.149
-14.3605
-8.095
-16.425
-20.124
-15.025
-20.9155
-20.938
-10.7025
-8.974
-23.778
-16.22
-21.402
-16.775
-16.224
-24.28
-19.985
-21.81
-17.134
-19.834
-20.283
-18.822
-19.31
-22.846
-24.4585
-13.6965
-24.576
-17.7185
-12.4155
-3.562
-12.2175
-6.4335
-14.6205
-7.746
-14.193
-7.836
-3.9475
-15.2
-11.068
-12.499
-13.085
-17.077
-15.331
-17.947
-13.185
-12.565
-14.037
-20.88
-11.093
-16.277
-13.82
-17.173
-17.935
-17.239
-15.0725
-16.72
-21.013
-2.8175
-17.4345
-19.3525
-4.199
-14.86
-15.064
