-35.0695
-27.68
-31.679
-24.525
-31.579
-26.9115
-32.234
-29.504
-31.773
-30.236
-33.3395
-39.7895
-30.151
-43.474
-29.602
-32.008
-22.8605
-17.9905
-24.4095
-25.0155
-15.222
-23.5955
-25.193
-16.5725
-24.0305
-20.429
-21.919
-22.025
-13.8695
-14.5685
-25.9735
-20.665
-11.0435
-13.336
-18.853
-19.1065
-20.4165
-25.027
-18.19
-13.637
-19.08
-14.623
-15.989
-6.564
-17.3075
-14.3335
-12.8965
-17.6215
-12.27
-13.428
-16.062
-24.996
-21.713
-5.608
-20.899
-11.628
-22.9835
-12.7125
-25.299
-19.209
-18.1785
-27.416
-25.284
-21.971
-17.2545
-19.454
-26.869
-28.8655
-29.107
-24.6005
-27.2335
-18.6595
-23.385
-25.669
-25.7115
-20.98
-28.612
-17.879
-11.561
-14.56
-21.7245
-14.373
-23.939
-30.1265
-27.078
-34.418
-20.8935
-24.343
-29.104
-33.506
-18.253
-30.374
-26.392
-26.805
-25.1675
-24.709
-27.414
-26.2345
-29.3505
-21.709
-35.442
