-13.482
-8.9765
-9.5075
-5.6165
-10.528
-4.9365
-8.453
-8.3005
-9.453
-15.244
-8.1625
-13.0845
-3.498
-8.458
-8.93
-4.4225
-14.411
-12.747
-14.738
-9.945
-10.309
-14.987
-13.7285
-20.145
-16.9725
-20.8255
-16.378
-25.415
-27.487
-28.685
-28.5375
-22.4695
-23.113
-26.3695
-30.7615
-13.992
-17.3685
-25.5025
-18.9235
-21.2815
-17.475
-24.371
-12.5975
-21.683
-23.256
-21.313
-11.969
-15.0695
-18.2345
-20.4885
-18.0965
-24.3565
-24.228
-23.769
-18.2305
-12.8595
-9.601
-17.808
-13.099
-14.485
-10.364
-20.2435
-26.9385
-9.647
-18.9075
-13.2385
-21.037
-16.7925
-23.155
-14.207
-16.967
-19.307
-11.091
-16.417
-15.499
-19.325
-17.9855
-17.5205
-18.909
-13.4895
-17.454
-11.277
-1.661
-12.534
-21.839
-14.0975
-10.6625
-2.376
-18.337
-15.122
-13.35
-6.7525
-16.51
-10.081
-14.076
-15.4185
-12.131
-12.4105
-4.3865
-6.9355
-14.992
