-26.908
-19.2975
-24.327
-28.6185
-31.9485
-23.5335
-17.8055
-20.3215
-25.2435
-24.6085
-25.472
-26.535
-21.978
-18.274
-18.521
-18.9245
-16.996
-23.291
-22.2905
-24.7445
-27.466
-20.784
-30.415
-14.495
-17.2465
-17.534
-17.303
-24.782
-17.774
-20.1225
-18.481
-14.6615
-16.8795
-20.2615
-11.467
-13.8755
-25.77
-23.249
-13.959
-13.197
-9.4175
-28.662
-20.802
-18.0275
-16.116
-11.4435
-10.3395
-17.2385
-9.849
-6.092
-9.938
-11.48
-9.081
-10.6555
-10.5415
-9.713
-19.596
-15.7315
-13.121
-1.4795
-7.83
-2.632
-5.918
-10.813
-18.6015
-7.722
-12.5065
-8.045
-15.2215
-23.4415
-14.119
-6.1035
-10.1615
-31.29
-12.0355
-11.9075
-27.159
-32.0505
-26.3305
-21.199
-26.884
-18.3745
-24.1665
-21.601
-10.214
-23.692
-17.8245
-15.128
-27.5945
-17.425
-24.912
-24.5985
-29.4625
-27.427
-28.042
-22.336
-22.379
-22.7825
-18.028
-18.457
-28.3445
