-21.077
-19.4695
-22.979
-24.7985
-19.704
-5.8845
-18.321
-13.6595
-4.7085
-24.7765
-15.985
-16.475
-14.783
-17.191
-19.5775
-14.2985
-22.225
-28.323
-17.064
-20.5995
-20.8885
-14.8495
-12.6615
-14.351
-17.223
-15.4195
-23.3165
-26.0705
-24.413
-30.06
-27.034
-31.696
-26.5185
-19.514
-15.929
-19.688
-26.2205
-24.816
-21.224
-32.662
-24.3485
-30.334
-28.7905
-30.18
-26.802
-20.1935
-30.9165
-32.669
-36.598
-30.8515
-34.594
-29.7525
-26.222
-38.3505
-32.324
-33.065
-37.1365
-20.069
-20.326
-31.163
-18.515
-16.2225
-35.6315
-21.763
-30.844
-30.4965
-21.408
-22.7225
-28.609
-23.6115
-20.1505
-24.8915
-1.0355
-24.833
-14.3705
-10.303
-13.63
-8.487
-7.521
-24.321
-23.1785
-18.617
-22.36
-21.9135
-17.019
-17.546
-23.952
-23.056
-20.757
-10.911
-15.367
-6.723
-15.0895
-20.5435
-16.0505
-15.6665
-24.449
-15.9225
-16.1885
-24.3435
-21.827
