-18.618
-13.396
-14.353
-5.799
-9.478
-15.9185
-14.398
-13.949
-18.893
-16.501
-13.326
-9.993
-2.098
-0.5985
-6.548
-7.52
-7.336
-6.0285
-3.5255
-11.852
-12.598
-14.918
-4.9375
-10.882
-15.835
-16.712
-6.7055
-10.4115
-11.083
-9.9305
-22.3115
-14.877
-19.357
-15.717
-22.8245
-27.7775
-26.135
-19.1955
-27.3395
-23.459
-14.204
-18.3645
-12.586
-18.676
-12.3315
-25.901
-19.1725
-24.412
-26.6545
-11.9875
-27.0995
-19.4745
-22.6015
-18.06
-22.139
-15.1915
-23.301
-11.455
-24.778
-29.5085
-24.0405
-24.0015
-24.8375
-10.5445
-18.368
-19.047
-16.972
-30.1295
-22.6285
-32.4
-25.543
-13.2715
-16.469
-16.5815
-11.6525
-14.333
-17.8175
-30.0195
-19.266
-14.4755
-27.932
-22.27
-21.375
-16.717
-8.034
-19.6635
-22.269
-13.631
-18.472
-19.411
-15.4205
-18.5615
-7.787
-7.4905
-5.6725
-12.0915
-25.537
-22.306
-25.9495
-16.7285
-20.4965
