-38.4485
-34.214
-32.5975
-17.809
-23.652
-21.2115
-16.6375
-22.6445
-24.334
-20.305
-15.6785
-27.8785
-31.815
-29.685
-36.175
-37.901
-27.992
-33.4785
-28.7835
-28.879
-27.1335
-30.446
-20.14
-30.033
-30.7965
-30.427
-23.145
-32.578
-30.9915
-40.712
-34.6585
-32.735
-47.1365
-32.6375
-36.0305
-30.3155
-31.835
-36.759
-33.2455
-34.8665
-35.604
-25.223
-23.3065
-24.127
-24.061
-23.61
-24.581
-27.623
-25.288
-22.601
-25.83
-20.756
-33.155
-28.5995
-24.4645
-27.313
-16.3565
-22.9975
-20.002
-22.759
-11.75
-25.176
-19.672
-25.0695
-25.504
-26.016
-26.2925
-18.693
-24.248
-9.603
-6.446
-6.169
-14.169
-9.86
-12.525
-20.0795
-23.8555
-20.1775
-18.7685
-27.0205
-18.6515
-11.883
-18.245
-29.493
-22.1575
-18.48
-24.4925
-17.2595
-13.099
-23.882
-36.516
-24.531
-15.136
-25.801
-16.009
-23.708
-15.467
-28.7245
-22.407
-13.719
-19.634
