-13.541
-12.4735
-14.908
-15.9185
-23.86
-24.6305
-24.26
-25.591
-19.423
-17.599
-14.0185
-12.313
-5.061
-9.71
-4.488
-2.402
-3.286
-6.891
-1.539
-6.283
-3.4005
-12.0865
-10.314
-9.189
-6.125
-8.722
4.1655
-1.622
2.5185
0.9045
2.833
0.8065
-2.783
-3.22
-6.804
-4.589
-5.1075
-1.502
-6.239
-2.991
-9.0965
-13.337
-8.653
-11.2495
-10.845
-17.295
-17.5835
-20.663
-18.5325
0.4235
-20.66
-21.2115
-23.563
-15.119
-28.185
-24.409
-21.675
-20.793
-19.979
-13.6095
-18.752
-10.6345
-11.5325
-17.5375
-18.53
-26.306
-13.1865
-18.565
-8.1385
-12.076
-4.043
-7.8355
-6.826
2.3515
-3.179
-1.0405
-1.187
6.546
-11.5015
-8.308
-7.149
0.7
5.757
0.135
0.614
-3.6645
-7.249
-14.826
-18.3545
-14.885
-15.2705
-13.246
-4.403
-18.803
-8.968
-5.778
-6.154
-5.22
-11.3025
-2.536
-1.435
