-27.5365
-26.582
-32.543
-29.182
-26.2345
-23.957
-26.4065
-20.4235
-26.7495
-32.9035
-28.3475
-27.2085
-13.646
-26.3165
-27.8445
-28.769
-22.2605
-23.1255
-27.2135
-23.413
-27.707
-30.889
-23.098
-26.551
-24.4105
-23.153
-19.547
-34.2925
-24.8165
-26.6885
-26.47
-18.772
-18.141
-18.994
-28.0515
-12.199
-23.302
-23.0525
-12.836
-3.154
-8.5155
-8.297
-15.5145
-22.6885
-19.4095
-26.4675
-28.2995
-33.045
-27.2355
-28.622
-20.3635
-25.9105
-27.073
-31.205
-18.277
-13.889
-21.6635
-17.8955
-37.7485
-27.599
-26.61
-22.262
-21.668
-14.9135
-27.805
-18.3315
-24.958
-12.0645
-30.711
-17.996
-20.88
-23.45
-23.618
-19.936
-19.528
-21.056
-16.0475
-21.6835
-23.832
-24.5945
-18.7795
-22.846
-23.799
-35.237
-33.2985
-37.752
-33.824
-29.924
-30.9575
-19.868
-22.126
-24.118
-26.924
-27.6405
-21.7325
-18.0475
-22.1915
-33.6115
-30.24
-28.7455
-30.261
