-9.313
-13.918
-20.1945
0.5675
-20.4115
-20.5935
-15.546
-22.3785
-20.4155
-24.4
-18.7325
-9.0785
-24.2385
-23.1105
-22.286
-21.355
-20.93
-1.393
-17.434
-17.8995
-16.6475
-9.91
-3.2265
-16.4225
-21.5395
-10.2655
-10.3695
-26.0815
-25.135
-9.6015
-19.4715
-16.6445
-7.616
1.3435
-12.0375
-3.8575
0.2625
0.4045
-2.8755
-2.923
-18.3185
-12.442
-9.817
-1.4125
-7.556
-15.0835
-18.4835
-23.703
-17.8365
-24.3135
-22.031
-25.9765
-21.441
-17.976
-14.646
-11.1095
-30.162
-19.395
3.722
-24.832
-14.6095
-7.3225
4.403
-5.402
-16.707
-2.089
-25.9135
-8.6155
-7.4135
-5.761
-15.7515
-7.249
-9.685
-24.736
-25.354
-18.0825
-13.547
-0.0485
0.9295
-18.235
-14.424
-8.006
-11.1435
-10.3355
-13.431
-24.722
-35.4215
-21.5335
-23.7225
-26.8465
-24.7885
-27.7305
-29.7715
-23.2575
-36.693
-36.2785
-24.84
-18.65
-18.494
-23.0615
-29.786
