-11.991
-10.157
-1.989
-10.824
-9.477
-5.577
-9.028
2.683
-10.073
-4.458
-11.055
-3.78
-5.549
-8.377
-11.27
-10.617
-7.863
-12.9095
-7.701
-9.8325
-12.9385
-6.738
-11.5395
-13.4915
-16.7625
-7.2765
-13.3445
-4.4105
-9.045
-12.227
-18.4515
-15.802
-15.495
-12.7055
-7.11
-18.2065
-16.029
-15.51
-12.6155
-11.408
-15.298
-16.619
-10.336
-17.068
-7.9915
-16.089
-16.2
-1.5035
-17.0765
-8.2215
-8.796
-11.9645
-14.787
-13.398
-5.8305
-7.428
-10.6165
-15.318
-11.0695
-15.982
-5.2565
-4.318
-3.287
-4.836
-10.2815
-14.602
-21.45
-18.335
-14.4945
-17.0835
-22.6765
-15.7045
-24.299
-13.183
-16.3815
-11.776
-11.9025
-12.6885
-19.6145
-9.0555
-15.105
-7.873
-8.7755
-7.711
-7.962
-21.595
-10.725
-18.707
-14.214
-11.753
-11.0665
-15.372
-18.465
-3.3705
-10.462
-5.0295
-4.604
-10.5185
-3.963
-6.4545
-9.648
