-3.69
-13.981
-16.0915
-26.7685
2.924
-21.252
-11.775
-15.5055
-8.972
-16.1735
-14.7305
-4.3385
-16.7165
-22.9415
-27.616
-28.073
-34.977
-36.333
-33.522
-31.831
-27.782
-25.8155
-41.2505
-26.6455
-21.3545
8.268
-31.0335
-16.875
-31.488
-37.38
-29.786
-23.1035
-32.5925
-32.5905
-30.64
-29.655
-25.4795
-24.018
-23.681
-21.8185
-31.8515
-30.909
-31.129
-36.7955
-27.6445
-24.589
-18.831
-24.532
-19.609
-21.6875
-24.345
-25.2035
-21.5145
-18.417
-28.111
-14.932
-9.95
-25.704
-12.747
-23.1405
-14.7575
-16.062
-19.3985
-12.908
-14.6165
-24.6745
-21.927
-15.532
-19.4105
-17.68
-11.9565
-9.587
-3.772
-7.3125
-7.052
-9.462
-7.272
-13.217
-15.164
-12.582
-8.0815
-15.912
-8.0485
-15.1405
-15.958
-15.459
-17.716
-20.936
-28.7415
-18.577
-17.6495
-27.7205
-29.013
-30.533
-22.319
-20.21
-21.545
-17.8485
-19.915
-21.318
-21.4375
