     -4.7503                0
    -4.55641                0
    -4.36252                0
    -4.16863                0
    -3.97474                0
    -3.78085                0
    -3.58696      0.000516849
    -3.39307        0.0108541
    -3.19918         0.198583
    -3.00529          2.12594
     -2.8114          14.7953
    -2.61751          71.8421
    -2.42362          241.843
    -2.22973          542.133
    -2.03584          830.444
    -1.84195          985.146
    -1.64806          1024.72
    -1.45417              984
    -1.26028          921.458
    -1.06639          884.365
   -0.872504          870.859
   -0.678614          854.772
   -0.484724          822.521
   -0.290835          763.009
  -0.0969449          694.304
   0.0969449          694.364
    0.290835          762.992
    0.484724          823.324
    0.678614          854.326
    0.872504          871.032
     1.06639          886.711
     1.26028          926.107
     1.45417           989.46
     1.64806          1024.35
     1.84195          976.693
     2.03584          815.207
     2.22973           538.85
     2.42362          249.544
     2.61751          76.2564
      2.8114          15.7609
     3.00529          2.31828
     3.19918         0.225734
     3.39307       0.00829298
     3.58696      0.000145572
     3.78085      2.28899e-06
     3.97474                0
     4.16863                0
     4.36252                0
     4.55641                0
      4.7503                0
