
1.8468     -1.3005    -0.7241    3.0044     14.6777    -0.2130    0.0386     5.4966     0.1186     -0.0548    15.9213    -0.0389    0.0363     0.0301     -0.0009    
16.3910    0.9683     1.6436     16.1106    11.6144    -0.3118    -0.3903    5.3632     -0.6060    -0.3528    11.8393    -0.3840    -0.1635    0.1063     -0.0403    
15.1400    -0.6400    0.1598     2.6066     8.9507     -0.4690    -0.0785    7.7222     -0.5451    -0.2791    15.2544    -0.0819    -0.0477    0.0557     -0.0642    
1.4526     -0.1980    -0.7170    2.0776     9.7652     -0.1907    -0.2072    2.8123     1.5914     0.0130     0.3802     0.0950     -0.0023    0.2478     -0.0534    
1.9338     2.0238     -1.0310    5.1696     6.4130     -0.5790    -0.1904    0.6939     -0.4737    -0.3460    4.4352     -0.4190    -0.0868    -0.5629    -0.4580    
5.3307     2.7005     -1.1749    3.0602     8.6070     -0.6483    -0.4280    5.4663     -0.6285    -0.5110    5.9578     -0.4318    -0.5559    0.7666     -0.2973    
3.3141     0.7725     -1.2160    6.8988     7.5795     -0.5283    -0.4507    3.7698     -0.2366    -0.5002    5.3058     -0.4068    -0.7247    1.7920     -0.3675    
7.7266     0.5954     -1.1910    4.4429     1.9937     -0.6732    -0.4140    4.9547     -0.4202    -0.4070    4.0973     -0.3018    -0.3511    0.2564     -0.2162    
1.1307     4.1573     -0.6820    8.8913     -0.0867    -0.2640    0.0110     0.8834     -0.2794    -0.1380    7.8895     0.1074     0.0154     1.0513     0.1680     
2.4217     0.0897     -0.8870    3.4407     5.2176     -0.4301    -0.2443    0.8131     -0.2456    -0.2813    3.5582     -0.3197    -0.7559    1.6604     0.0053     
14.7938    -0.1856    -0.5123    17.4354    10.2872    -0.4620    -0.7654    5.3906     -0.4372    -0.6050    2.8055     -0.4425    -0.9292    0.5350     -0.2469    
20.2163    9.1254     0.0786     14.0844    11.5611    -0.0910    -0.0202    3.1652     -0.0196    -0.0820    5.1107     -0.0210    0.0186     0.1806     0.0680     
-0.0258    0.5802     -0.8028    9.0038     21.2703    -0.1150    -0.2481    -0.1710    -0.3902    -0.3134    5.1684     -0.5184    0.4284     -0.3979    -0.4888    
0.1144     21.2147    0.2767     -0.3640    -0.1802    -0.1401    -0.1650    -0.1376    -0.3003    -0.3383    -0.2235    -0.7609    -1.4380    -0.4460    -0.7103    
-0.3893    0.6254     -0.9090    -0.5630    0.8265     -0.2657    -0.2180    -0.1845    -0.3169    -0.2180    0.2824     -0.2793    -0.2944    -0.5064    -0.7398    
2.2228     15.2800    -0.4871    -0.6214    -0.4702    -0.2720    -0.2140    -0.1902    -0.3603    -0.2560    -0.3921    -0.3690    -0.3658    -0.4311    -0.3562    
-0.4838    -0.7498    -1.1180    -1.3870    -0.5126    -0.2207    -0.3563    2.0260     -0.4335    -0.3220    -0.1936    -0.3210    -0.2440    -0.4154    -0.4204    
0.2021     -0.5733    -0.4530    0.8310     -0.2510    -0.1254    -0.1901    0.5487     -0.1239    -0.1540    -0.1089    -0.1589    -0.3226    -0.1487    -0.2190    
1.2147     -0.3050    -0.9937    -0.9060    -0.2105    -0.2370    -0.2261    5.2315     -0.5169    -0.3700    7.1252     -0.6070    -0.4520    -0.8524    -0.7578    
0.4428     -1.1010    -0.7310    -0.1520    0.5976     -0.2275    -0.3260    -0.4582    -0.5668    -0.2810    -0.0231    -0.4970    -0.1908    -0.8753    -0.3527    
-0.2671    -0.1389    -0.7680    2.8762     0.4598     -0.1990    -0.2242    0.3483     -0.2504    -0.3153    2.6499     -0.4050    -0.1820    -0.5560    -0.4143    
0.2187     0.2540     -0.3380    5.8725     1.8734     0.1111     0.0823     7.1618     1.7462     0.0871     0.2754     0.0072     0.0483     0.1389     -0.1189    
-0.0991    0.5126     -0.6960    3.3191     0.8936     -0.1607    -0.0349    6.7299     0.8581     -0.1072    0.7014     -0.1656    -0.1386    -0.6282    -0.3050    
-0.4259    7.5299     -0.6396    -0.7538    1.6411     -0.3847    -0.5061    4.5293     -1.1342    -0.6310    0.3133     -0.5633    -0.3496    0.0287     -0.4973    
15.7731    0.3934     3.2653     -0.1009    -0.3436    -0.4631    3.5717     -0.2363    -0.4797    -0.5854    14.0637    -0.3440    0.1547     -0.3065    -0.3708    
0.0781     -0.4555    0.3325     -0.2572    -0.2468    0.3282     9.8195     -0.2281    -0.2558    -0.0530    13.7394    -0.5770    0.2132     -0.4080    -0.4351    
-0.6317    -0.4726    -0.7070    -0.5020    -0.4632    -0.0917    1.1641     -0.0940    -0.1983    0.8934     0.0872     0.0560     0.1067     -0.2690    -0.0818    
0.1712     -0.4386    -0.7270    -0.4391    -0.4118    0.0652     2.3933     -0.2466    -0.1671    0.0276     -0.0694    -0.1380    -0.4243    -0.3510    -0.2623    
10.6670    1.7175     0.0720     -0.4459    -0.4480    -0.5646    -0.7090    -0.1930    -0.6041    -0.6892    5.5769     -0.5650    1.0418     -0.3550    -0.2316    
-0.3689    -0.4127    -0.9350    -0.6555    -0.5614    -0.7760    0.6793     -0.2835    -0.3324    -0.1932    16.3254    -0.3366    -0.4181    -0.5615    -0.3665    
-0.3683    0.4095     -1.0370    0.4898     -0.6391    -1.1523    -0.3053    -0.2901    -0.5695    -0.3959    1.2140     -0.1985    -0.3209    -0.4200    -0.1687    
-0.6890    -0.5406    -0.8560    -0.8410    -0.5737    -1.0032    1.3579     -0.4783    -0.4488    4.4076     8.6910     -0.5210    -1.5505    -0.7627    -1.1711    
4.0561     -0.7704    -0.0880    0.3009     -1.1863    -1.7726    7.0415     -0.5069    -1.0047    -1.3612    7.4611     -0.9383    -0.0624    -0.5645    -0.6450    
-0.6985    -0.4830    -0.5700    0.9349     -0.3964    -0.4418    -0.0347    -0.2280    -0.3539    -0.4970    14.2905    -0.4690    -0.8263    -0.3276    -0.5770    
0.2011     -0.1555    2.3892     1.3158     -0.3179    -0.0794    -0.2207    -0.2365    -0.4227    -0.7915    -0.2880    -0.6450    -1.0287    -0.3430    -0.2890    
-0.8531    0.7784     -0.7560    22.0639    1.4997     -0.3658    0.7244     -0.2862    -0.2963    -0.2922    1.1388     -0.1927    0.4478     -0.5928    -0.4763    
-0.4786    0.2113     16.6534    -0.7990    0.1607     -0.3790    0.3725     -1.0477    -0.8249    -0.5735    18.4372    9.2206     -1.4414    -1.0598    -0.6995    
-0.3285    1.2393     19.5631    -0.7481    -0.2299    -0.1755    0.1228     -0.5507    -0.6474    -0.5504    5.5356     11.4390    -1.1262    -0.7446    -0.4114    
2.3838     10.3293    20.4599    -0.7903    -0.3472    -0.3193    -0.2532    -0.7280    -0.6154    -0.3662    20.6064    7.4579     -1.0227    -0.9304    -0.6292    
-0.0615    10.6924    17.2347    -1.1470    1.3338     -0.3768    -0.3867    -1.1588    -0.8351    -0.6022    7.6097     11.2616    -0.7823    -0.8012    -0.7647    
0.9770     7.1361     22.5461    -1.2510    -0.7277    -0.4430    -0.0752    -1.3541    -1.0907    -0.5991    12.3107    11.7761    -1.4913    -0.8367    -1.0250    
-0.4119    5.0282     12.8275    -0.9940    -0.5243    -0.3779    -0.6630    -0.5608    -0.4986    -0.8177    16.3729    6.2011     -0.1191    0.5267     -0.2649    
0.2561     16.6026    24.3152    -0.3631    -0.3324    -0.2716    2.3981     -0.6561    -0.7232    -0.5535    9.7113     7.1485     -1.0425    -0.9148    -0.5472    
0.9317     11.0694    11.3339    -1.0920    0.3308     -0.2075    0.3277     -0.7583    -0.4805    -0.3511    28.7219    3.2008     -0.7391    -0.6214    -0.7228    
-0.5842    4.6076     22.3297    -1.0460    -0.3899    -0.3570    -0.4215    -0.9369    -0.7064    -0.6752    5.4365     11.3599    -0.8502    -0.8800    -0.6397    
-0.6005    4.9239     18.3075    -1.5760    -0.5267    -0.4990    -0.7686    -0.9963    -0.8150    -0.7880    0.4900     5.4972     -0.8478    -0.7043    -0.7882    
-0.3701    6.3593     0.9686     -0.4620    -0.3021    -0.2555    -0.2794    -0.5408    -0.3923    -0.2534    10.4723    4.8866     -0.1042    -0.5344    -0.5668    
-0.5880    5.0374     6.4795     -0.7090    -0.2513    -0.0897    0.6785     -0.4607    -0.4707    0.6126     14.8870    5.0589     -0.8792    -0.7719    -0.4219    
