
-1.0549    -0.7810    -1.1469    1.6061     -0.7044    -1.6264    -0.7880    -0.3942    -0.7696    -1.6747    -0.2283    -0.2766    -0.1201    -0.1175    -0.3093    
-1.3476    -0.8859    -1.2670    -0.9235    -0.9579    -1.3981    -0.3540    -0.5283    -0.7448    -1.2701    9.0920     -0.3440    0.2983     0.0038     -0.5840    
-1.2878    -0.7600    -1.2923    -0.7231    -0.8694    -1.1950    -2.4908    -0.6070    -0.8787    -2.0208    -0.5284    -0.6096    -0.3242    -0.5758    -0.8670    
-0.8521    -0.4691    -0.9101    -0.4067    -0.6474    -1.3900    -1.0331    -0.3055    -0.6563    -1.1278    7.9483     -0.3334    -0.2435    -0.4105    -0.6450    
-1.2407    -0.9130    -1.3911    -1.2667    -1.1450    -1.7337    -2.6375    -0.8983    -1.2656    -2.3407    3.7235     -0.8287    -0.7144    -0.4605    -0.8040    
-0.9472    -0.8170    -1.0740    -0.9501    -0.8028    -1.1973    -1.4192    -0.4038    -0.6521    -1.1212    6.5312     -0.3003    -0.1315    -0.7589    -0.5501    
-1.1260    -0.7810    -1.2932    -0.9847    -0.9202    -1.3777    -1.0911    -0.6202    -0.8770    -1.3025    -0.7531    -0.5939    -0.7359    -0.8315    -0.7977    
-1.3421    -0.8530    -1.1139    -0.8701    -0.9020    -1.3854    -2.1622    -0.6504    -0.9075    -1.2993    -0.7213    -0.7131    -0.8306    -0.8450    -0.6620    
-1.1503    -0.8040    -1.6163    -0.8514    -0.9084    -1.6405    -2.7614    -0.5125    -0.9303    -1.4895    2.7125     -0.6131    -0.7942    -1.6630    -0.7980    
-1.8600    -1.1750    -1.6559    -1.0447    -1.0575    -1.4825    -2.4918    -0.5269    -1.0578    -1.9161    1.3180     -0.5739    -0.5960    -0.4765    -0.5624    
-1.6680    -1.1114    -1.5813    -1.3331    -1.1144    -1.4585    -1.9644    -0.5795    -0.9579    -1.7379    -0.0087    -0.5666    -0.2509    -1.2014    -0.8306    
-1.3202    -0.6880    -1.4854    -0.2439    -0.6415    -1.6475    -1.4063    -0.4570    -0.9387    -2.1575    3.4799     -0.4257    -0.2235    -0.9091    -0.5653    
-0.4610    1.2457     -1.0404    -1.7020    2.0319     -3.6594    -1.8590    -1.1180    -0.9784    -1.9150    -3.1779    -1.2900    -4.0402    -0.7620    -2.0587    
-0.8354    4.3955     -0.5298    -1.7770    -3.3389    -4.1988    -2.0570    -1.2115    -1.0296    -1.9230    -3.2322    -1.0270    -3.9751    -0.7156    -1.6718    
0.2559     2.0803     0.4554     -1.8790    -4.4507    -4.0894    -1.8660    -1.1840    -0.9969    -2.1960    -0.8991    -1.3070    -4.0496    -0.6480    -1.7770    
1.0087     0.8999     -1.1432    -1.5470    -0.8111    -3.4102    -1.6200    -0.8810    -0.8540    -1.9740    -2.6066    -1.1190    -3.1313    -0.6130    -1.2980    
0.8342     4.3064     -0.1703    -2.1228    -2.3457    -3.8582    -1.8220    -1.1290    -0.9940    -2.1867    -1.5943    -1.2270    -4.1646    -0.8010    -1.6354    
-0.5259    -0.8085    -0.9547    -1.4320    -2.1380    -3.1900    -1.2880    -0.9250    -0.9047    -1.6667    -0.0662    -1.2100    -3.1202    -0.6443    -1.4875    
-0.5749    3.3168     -0.9911    -1.7450    -1.2538    -3.6599    -1.8250    -0.9330    -0.9671    -1.7930    0.8910     -1.2480    -3.6706    -0.8560    -2.1393    
-0.9825    0.2696     -1.7749    -1.5430    0.7136     -3.0023    -1.5370    -0.9282    -0.9064    -1.6910    1.3526     -1.0020    -3.0729    -0.6916    -1.2346    
-0.6807    1.3946     -1.3125    -1.6620    -1.0888    -3.7405    -1.7425    -1.0187    -0.9047    -2.0530    -2.9611    -1.3950    -3.7852    -0.7570    -1.6659    
-0.8365    -1.0032    -2.4450    -1.7590    0.4221     -4.0712    -1.9155    -1.1390    -0.9454    -1.7530    -2.2332    -1.0074    -3.2608    -0.8920    -1.5395    
0.3272     3.6133     -1.7371    -1.6069    5.6725     -4.1363    -1.7780    -1.1250    -0.9754    -2.3010    -2.8658    -1.2109    -3.4110    -0.7240    -1.7153    
3.0560     11.3405    3.4077     -1.8370    0.9182     -3.8407    -1.7680    -0.9675    -0.8976    -2.0280    -3.1589    -1.4230    -3.2036    -1.0050    -1.9334    
2.1900     1.8184     -0.8260    3.1508     0.1572     -0.3359    -0.6029    -0.0046    -0.1810    -0.2832    -0.5582    -0.1920    -0.1954    -0.1211    -0.1923    
-2.1078    0.6011     -0.8930    0.5784     0.0049     -0.5780    -1.3610    -0.0423    -0.2836    -0.6125    1.9868     -0.3390    -1.2510    -0.1467    -0.3300    
-2.8224    -1.0346    -1.1202    -1.4727    -0.9780    -0.8350    -1.4441    -0.6329    -0.5358    -0.8040    -1.5742    -0.4140    -0.8450    -0.3041    -0.2930    
-1.5361    -0.8414    -0.9600    -1.6440    -0.9106    -0.7892    -1.3965    -0.1872    -0.5589    -0.6836    -1.8255    -0.4470    -0.7580    -0.2697    -0.2991    
-0.0716    -1.4270    -1.1956    0.3385     -0.9604    -0.4785    -0.9908    -0.4047    -0.4978    -0.4651    -1.4244    -0.3650    -0.8900    -0.2117    -0.1591    
-1.9789    2.8360     -0.8476    0.8498     -0.6830    -0.6607    -0.8865    0.1987     -0.2256    -0.4322    2.2072     -0.1730    -0.8948    -0.0403    -0.1750    
-2.2145    -0.4166    -1.0705    -1.5696    -1.1430    -0.7754    -1.0302    -0.3925    -0.4380    -0.5005    4.0579     -0.2783    -0.6623    -0.2490    -0.1601    
0.0371     -0.6941    -0.7894    -1.4717    -0.6704    -0.5880    -1.0347    -0.1871    -0.4381    -0.7830    0.9959     -0.5150    -1.4861    -0.1448    -0.5064    
4.3198     -0.0001    -0.9052    1.1321     0.4585     -0.5105    -0.5586    -0.5046    -0.4458    -0.5375    2.3867     -0.4802    -1.3449    -0.2570    -0.4860    
1.0598     -0.3110    -0.7160    -1.2136    -0.9851    -0.4397    -0.4878    -0.6650    -0.5338    -0.3773    0.0751     -0.4250    -0.7609    -0.3016    -0.4721    
-0.6658    2.0471     -0.8322    0.5991     -0.7302    -0.6280    -0.9564    -0.4538    -0.7127    -0.6577    2.7990     -0.4710    -0.8577    -0.3322    -0.4440    
-1.9421    -1.0673    -0.8091    -2.6823    0.4232     -0.5850    -0.9810    -0.7214    -0.2877    -0.6450    -1.8349    -0.4132    -0.8416    -0.4824    -0.3541    
-1.2418    -1.2400    -0.9416    -1.9430    -0.9106    -0.7960    -2.6584    -0.7150    -0.6912    -0.7849    -2.5296    -0.5666    -0.6777    -1.2530    -0.3420    
-1.3624    -1.1480    -1.2400    -1.9450    -0.8820    -0.8848    -2.1277    -0.6270    -0.4282    -0.8180    -1.2613    -0.1620    0.2058     -0.7251    0.2000     
-1.8457    -1.4340    -1.5290    -2.1360    -1.0646    -1.2595    -2.7031    -0.7490    -0.5391    -0.9340    -2.4679    -0.2362    -0.1764    -0.5414    -0.1496    
-1.3081    -1.1890    -1.1420    -1.4960    -0.8763    -0.9357    -2.0630    -0.5720    -0.6548    -1.6022    -1.2703    -0.3980    -0.6415    -0.2699    -0.4120    
-1.3432    -1.3210    -1.0870    -2.0430    -0.9394    -1.0165    -2.5308    -0.7240    -0.7853    -1.1797    -2.2367    -0.3690    -0.5837    -0.5153    -0.3090    
-1.4180    -1.2090    -1.1730    -2.1935    -1.0834    -1.1195    -2.6237    -0.8188    -0.8209    -1.3666    -2.4501    -0.4540    -0.5511    -0.8137    -0.5130    
-1.4117    -1.2260    -1.7217    -1.4150    -1.0469    -1.4769    -2.3981    -0.6170    -0.7559    -1.1527    -1.9444    -0.2165    0.0137     -0.7560    -0.3493    
-1.0509    -0.9420    -1.1675    -1.3360    -0.8846    -1.1320    -0.3783    -0.4750    -0.6239    -0.9155    -1.4231    -0.2184    -0.6035    -0.7935    -0.1288    
-1.1387    -1.1720    -1.1860    -1.5990    -0.8851    -1.2227    -2.2183    -0.4731    -0.6379    -0.8245    -1.6825    -0.3781    -0.3103    -0.6970    -0.3923    
-0.7096    -0.7960    -0.5066    -1.3570    -0.6809    -0.6687    -0.2729    -0.3882    -0.5298    -0.7790    -0.9193    -0.2838    -0.7016    -0.3210    -0.1566    
-1.0666    -1.1960    -0.8180    -1.8180    -0.8860    -0.8125    -1.1757    -0.4280    -0.6380    -0.8850    -1.3059    -0.3271    1.8873     -0.4803    -0.1283    
-1.4219    -1.2710    -1.1896    -1.6430    -1.0908    -1.6620    -2.2756    -0.6940    -1.0462    -1.7179    -2.2846    -0.8780    -1.9872    -0.8750    -0.4479    
