-1.3362    -2.2658    -1.1926    -3.2662    -2.0531    -1.0131    -0.8369    -1.3274    -0.8467    -0.9371    6.7787     -0.7412    -1.2009    -1.1590    -0.8830    
-1.7763    -1.9586    -1.3944    -2.5919    -1.5719    -1.4056    -0.8902    -1.3002    -0.9157    -0.9780    11.0862    -0.7929    -0.6896    -1.0680    -0.7930    
-0.4257    -1.7771    -0.6836    -3.3466    -1.7281    -1.2282    -2.6380    -1.2558    -0.8973    -1.2034    6.8144     -0.6968    -1.1238    -1.3640    -0.7930    
-1.2065    -1.6540    -1.0530    -2.5630    -1.4694    -0.9684    0.1406     -1.1588    -0.6302    -0.6991    3.2342     -0.2658    -1.1862    -0.8510    -1.0070    
-1.2203    -1.4230    -1.1536    -2.6549    -1.6178    -1.3317    -0.8823    -1.1640    -1.0267    -1.3550    1.7315     -0.7920    -0.9560    -0.9650    -0.6890    
-1.4278    -1.7916    -1.0863    -2.7801    -1.8026    -1.1348    -2.0414    -1.4230    -1.3350    -1.8801    4.3459     -0.9972    -1.2066    -1.1620    -1.0140    
-1.5498    -1.9477    -1.3251    -2.8836    -1.6199    -0.9047    -2.3924    -1.2868    -0.6923    -0.3500    0.6328     -0.1865    -1.1465    -1.2060    -2.0650    
-1.2043    -1.6531    -1.0432    0.2948     -1.4696    -0.8760    -2.2757    -1.8021    -1.0116    -1.0472    4.5133     -0.6826    -0.9049    -1.0124    -1.6740    
-1.6441    -2.1179    -1.3800    -0.6398    -1.8232    -0.9910    -1.4978    -1.7370    -0.7359    -0.8173    9.6727     -0.4746    -0.3687    -0.9543    -1.5064    
-1.2131    -1.6123    -1.2389    -1.6477    -1.4670    -1.0018    -1.5770    -1.7319    -0.9923    -1.2576    0.8951     -0.7994    -0.8540    -1.2800    -1.7530    
-0.4192    -1.6799    -1.4120    -1.7703    -1.7355    -1.0141    -1.7540    -1.7647    -1.1522    -1.4067    -0.4285    -0.9641    0.4035     -1.2680    -1.4490    
-0.2471    -2.1648    -1.1567    -2.7038    -2.2887    -1.0678    -1.7541    -2.0947    -1.2542    -1.6098    2.3377     -0.8803    -0.8849    -1.2620    -1.6940    
