
0.6303     -2.3656    -3.2986    -1.9058    -1.7915    -1.8181    -1.7409    -0.7880    -1.1858    -1.0426    -0.7493    -0.3690    -0.3026    -0.2340    -0.0970    
-3.7914    -2.4672    -3.6004    -2.0113    -1.6946    -1.5005    -1.6795    -0.6670    -0.8266    -0.7362    -1.1302    -0.1833    -0.2883    -0.1660    -0.1662    
-0.1154    -2.0285    -2.3452    -1.9622    -1.5972    -1.3323    -1.6699    -0.6738    -0.7606    -0.5441    0.2713     -0.0382    0.3541     -0.2430    -0.3188    
-1.3890    -1.6521    -1.5425    -1.6859    -1.3174    -1.4008    -2.0814    -0.4750    -0.6902    -0.8217    -0.5371    -0.2530    -0.3410    -0.2150    -0.2774    
-2.1195    -2.2168    -2.9845    -2.0224    -1.7503    -1.9365    -1.6241    -0.7406    -0.9260    -0.2616    -0.2189    -0.3384    -0.4208    -0.5430    -0.3714    
-1.6642    -2.8266    -3.6401    -1.6735    -1.7907    -2.5043    -1.6763    -0.8474    -0.8589    -0.8966    -1.2634    -0.6230    -1.2353    -0.3302    -0.1677    
4.2036     -2.6734    -3.5456    -2.0683    -1.6260    -2.1383    -1.0341    -0.5400    -0.3721    0.2198     -0.8642    -0.1013    -0.2716    -0.5797    -0.2710    
-0.5458    -2.4821    -3.4001    -2.0502    -1.6807    -1.5715    -1.4719    -0.6960    -0.6710    -0.7129    -1.1764    -0.3040    -0.3606    -0.5420    -0.2326    
-2.8014    -2.6954    -3.4233    -2.3347    -1.7227    -1.9039    -2.4886    -0.8000    -0.6462    -0.2006    -1.6738    -0.2880    -0.0182    -0.9890    -0.4653    
0.6408     -2.4797    -1.7143    -2.0859    -1.6334    -1.9084    -1.7786    -0.5970    -0.0895    0.5042     -0.8332    -0.1078    0.3931     -0.6500    -0.3634    
2.6141     -2.5291    -2.8558    -2.2955    -1.8413    -1.8096    -2.3351    -0.7180    -0.5473    -0.2684    -1.6245    -0.2158    -0.0853    -0.8560    -0.3180    
-1.9473    -2.8013    -3.2916    -2.1797    -1.7341    -1.1987    -1.0140    -0.7500    -0.5455    -0.3358    -0.9328    -0.2640    -0.2710    -0.7080    -0.3720    
4.9226     -0.9240    -1.5167    -1.2706    -1.5855    -3.4257    -5.3079    -0.6901    -1.8140    -3.6717    -1.6817    -1.6330    -3.4636    -3.4989    -1.0220    
1.5744     -0.8885    0.4589     -0.9253    -1.4147    -3.5256    -5.2897    -0.8299    -2.0203    -4.1334    -2.3605    -2.1320    -4.4236    -3.1318    -0.9650    
5.2002     -1.5276    -1.4000    -1.9126    -1.7357    -2.6870    -4.9752    -0.8252    -1.8464    -3.5750    3.9977     -1.7730    -3.7340    -3.3733    -1.0605    
9.3744     -0.1846    0.2486     -0.8907    -1.2041    -2.6550    -4.7783    -0.5103    -1.6621    -3.4392    2.3557     -1.5130    -3.4712    -2.6525    -0.2055    
-0.3957    -0.9150    -1.5704    -0.6724    -1.2686    -2.9421    -4.6889    -0.6374    -1.9285    -3.5609    2.9817     -1.3870    -3.0174    -2.8567    -1.1443    
-1.5517    -1.3454    -1.6745    -1.6837    -1.3460    -2.3815    -4.6623    -0.6268    -1.5431    -3.5411    -0.6100    -1.5940    -3.5260    -3.9677    -1.1786    
4.8542     0.0075     1.0292     -0.5335    -1.0222    -2.8524    -3.1175    -0.6600    -1.4337    -2.9301    1.3019     -1.3120    -3.4433    -4.0521    -1.3453    
3.5328     -1.1358    -1.6093    -1.1680    -1.1811    -1.9756    0.5526     -0.4516    -0.9232    -1.6533    -0.9749    -1.1420    -3.4389    -3.7019    -1.7552    
1.9253     -1.0182    -1.8595    -0.7867    -1.0033    -2.3091    -0.8851    -0.5169    -0.8689    -1.6280    2.4882     -1.0040    -2.6882    -3.7843    -1.5017    
7.0223     -0.8202    0.8712     -0.5913    -0.8899    -2.1190    -0.3919    -0.4898    -1.2103    -2.5029    3.6162     -1.1730    -2.3133    -3.3345    -1.6834    
1.2566     -0.4233    -1.4202    -0.1063    -0.7034    -2.2701    -2.0758    -0.4305    -1.2238    -3.0504    -2.3283    -1.0330    -2.4513    -3.7008    -1.0030    
0.5490     -0.7270    -2.0380    -0.8239    -0.9047    -2.1725    -1.8732    -0.3270    -0.9845    -2.1831    -3.0781    -1.1940    -3.2040    -3.4613    -0.7459    
-0.8959    -1.0685    -1.2638    -0.8860    -0.5078    -0.6485    -1.0683    -0.9670    -0.2646    -0.4970    0.4653     -0.5566    -1.0326    -1.3900    -0.9373    
-1.4773    -0.6730    -0.7809    -0.4269    6.6555     -0.3906    -0.4790    0.4968     -0.1739    -0.4939    -1.8853    -0.4378    -1.4197    -1.8110    -1.2736    
0.9407     -0.6538    1.0368     -0.1470    -0.2974    -0.1823    -0.0152    1.1550     -0.1764    -0.3370    -1.5193    -0.5399    -1.4998    -1.7199    -1.3837    
1.8131     -0.8853    0.9876     -0.3184    -1.3826    -0.8817    -1.5926    -0.7006    -0.7961    -0.6704    -0.8408    -0.5678    -0.5810    -1.4710    -1.2475    
1.8032     -1.2420    0.2189     -0.3984    -0.5398    -0.3564    -1.1616    1.0167     -0.3902    -0.5341    -2.0536    -0.5617    -1.5360    -1.4260    -1.1568    
1.9335     -1.2344    -0.3030    -0.1609    -0.4113    -0.1478    -0.7780    1.7707     -0.0041    -0.3934    0.0198     -0.4276    -0.8390    -1.8770    -1.3789    
0.2936     0.0414     -0.2383    1.5114     -0.4781    -0.6277    -0.8629    -1.0456    -0.6416    -0.5290    -2.3256    -0.7290    -1.0658    -1.2440    -1.1593    
4.4101     1.6504     -0.0545    0.6669     -0.4564    -0.6014    0.4499     -1.5763    -0.6783    -0.4874    -0.1281    -0.7030    -0.6900    -1.5710    -1.5947    
1.3370     -0.3543    -0.3739    2.2466     -1.0112    -0.9363    -1.2573    -0.2071    -0.9733    -0.7041    -1.2059    -0.8044    -1.0240    -1.3580    -1.7000    
0.4780     -0.3960    -0.2742    0.9347     0.6962     -0.8173    0.0293     -1.0034    -1.0496    -0.7980    -1.9448    -1.0367    -1.3070    -1.5840    -1.9437    
1.8173     -0.4763    -0.5431    4.2095     1.0839     -0.7414    0.5731     -2.2080    -0.9321    -0.7677    -2.9375    -1.0410    -1.1452    -1.6840    -1.8616    
-0.3838    -1.6594    1.2889     6.3507     0.1396     -0.5109    -0.7377    -0.1361    -0.6859    -0.7268    -2.0961    -0.7150    -0.8360    -1.2510    -1.3225    
-1.3362    -2.2658    -1.1926    -3.2662    -2.0531    -1.0131    -0.8369    -1.3274    -0.8467    -0.9371    6.7787     -0.7412    -1.2009    -1.1590    -0.8830    
-1.7763    -1.9586    -1.3944    -2.5919    -1.5719    -1.4056    -0.8902    -1.3002    -0.9157    -0.9780    11.0862    -0.7929    -0.6896    -1.0680    -0.7930    
-0.4257    -1.7771    -0.6836    -3.3466    -1.7281    -1.2282    -2.6380    -1.2558    -0.8973    -1.2034    6.8144     -0.6968    -1.1238    -1.3640    -0.7930    
-1.2065    -1.6540    -1.0530    -2.5630    -1.4694    -0.9684    0.1406     -1.1588    -0.6302    -0.6991    3.2342     -0.2658    -1.1862    -0.8510    -1.0070    
-1.2203    -1.4230    -1.1536    -2.6549    -1.6178    -1.3317    -0.8823    -1.1640    -1.0267    -1.3550    1.7315     -0.7920    -0.9560    -0.9650    -0.6890    
-1.4278    -1.7916    -1.0863    -2.7801    -1.8026    -1.1348    -2.0414    -1.4230    -1.3350    -1.8801    4.3459     -0.9972    -1.2066    -1.1620    -1.0140    
-1.5498    -1.9477    -1.3251    -2.8836    -1.6199    -0.9047    -2.3924    -1.2868    -0.6923    -0.3500    0.6328     -0.1865    -1.1465    -1.2060    -2.0650    
-1.2043    -1.6531    -1.0432    0.2948     -1.4696    -0.8760    -2.2757    -1.8021    -1.0116    -1.0472    4.5133     -0.6826    -0.9049    -1.0124    -1.6740    
-1.6441    -2.1179    -1.3800    -0.6398    -1.8232    -0.9910    -1.4978    -1.7370    -0.7359    -0.8173    9.6727     -0.4746    -0.3687    -0.9543    -1.5064    
-1.2131    -1.6123    -1.2389    -1.6477    -1.4670    -1.0018    -1.5770    -1.7319    -0.9923    -1.2576    0.8951     -0.7994    -0.8540    -1.2800    -1.7530    
-0.4192    -1.6799    -1.4120    -1.7703    -1.7355    -1.0141    -1.7540    -1.7647    -1.1522    -1.4067    -0.4285    -0.9641    0.4035     -1.2680    -1.4490    
-0.2471    -2.1648    -1.1567    -2.7038    -2.2887    -1.0678    -1.7541    -2.0947    -1.2542    -1.6098    2.3377     -0.8803    -0.8849    -1.2620    -1.6940    
