0.8855
-9.3525
-12.352
-4.439
-13.446
-18.493
-11.127
-11.788
1.7695
4.3305
-0.595
0.655
-5.563
-1.2845
-1.612
-1.877
-2.614
-4.8495
-6.779
-4.947
1.197
-7.055
-7.4685
-9.919
0.058
1.129
-2.704
-8.7015
-1.9115
6.376
-2.809
0.044
-4.495
-0.147
-5.933
-2.83
-3.143
-5.6715
4.95
-3.499
-1.863
-0.517
-3.688
-4.942
-9.5715
-2.071
-7.3215
-10.327
-6.992
-5.095
-6.5075
-13.696
-17.09
-12.9635
-8.7435
-8.088
5.082
-5.216
-3.24
3.511
-11.537
-1.535
-6.487
-7.224
-11.845
-8.72
-10.209
-13.555
-13.574
-15.659
-14.057
-16.2635
-13.899
-10.4075
-15.656
-11.9
-6.77
-11.63
-14.407
-8.945
-8.232
-5.194
-14.724
-14.921
-13.731
-9.922
-3.73
-12.5485
-7.885
-5.2355
-5.616
-1.448
-1.259
-3.38
-5.22
-13.266
-12.7235
-12.5985
-4.109
-5.933
-12.248
