-23.029
-21.7395
-20.9995
-20.9075
-21.2995
-26.022
-14.804
-17.4985
-23.648
-23.662
-19.3435
-29.1185
-16.6295
-24.992
-21.096
-25.16
-23.172
-27.9835
-23.242
-25.665
-30.462
-22.6915
-23.5555
-25.728
-24.751
-23.6215
-19.243
-19.958
-22.448
-24.761
-23.5685
-22.2115
-28.6675
-29.986
-28.269
-26.5375
-33.551
-22.795
-28.676
-29.345
-30.733
-24.952
-23.0065
-21.486
-16.86
-25.866
-19.8205
-17.2995
-24.061
-22.557
-22.608
-20.8515
-24.8655
-24.492
-25.1905
-35.422
-28.647
-27.318
-25.419
-24.3405
-28.4425
-27.86
-36.4885
-31.7805
-35.229
-38.237
-27.7795
-34.1105
-23.925
-32.651
-23.8705
-24.5645
-26.8325
-24.0115
-23.485
-28.6455
-37.7835
-32.0265
-31.1245
-24.6905
-30.1785
-29.9595
-35.0545
-33.692
-27.8075
-36.431
-14.7105
-28.742
-27.4235
-26.439
-32.0605
-27.659
-31.986
-24.3815
-22.4535
-20.438
-22.5525
-15.1715
-16.6495
-16.9615
-24.0435
