-12.167
-19.893
-15.691
-17.883
-18.833
-17.126
-22.817
-17.369
-15.9925
-26.4325
-22.556
-13.431
-10.93
-18.849
-6.208
-8.7795
-10.378
-12.4755
-15.5175
-15.779
-8.568
-18.9545
-6.524
-15.49
-13.434
-1.1695
-14.026
-9.935
-14.152
-10.325
-20.0385
-8.959
-14.34
-16.0845
-14.0625
-15.257
-12.5505
-18.4725
-11.6185
-18.1825
-8.2235
-6.7345
-11.9935
-18.1225
-19.427
-19.034
-8.029
-12.3945
-16.576
-9.3105
-5.8355
-5.6015
-2.762
-10.17
-9.8625
-8.7155
-16.2965
-8.7915
-12.0705
-7.743
-12.142
-15.0645
-1.6435
-10.174
3.389
-8.3785
-15.21
2.863
-5.731
-13.5525
-11.8735
-1.775
-12.7935
-12.8145
-12.942
-6.53
-15.503
-5.7155
-13.142
-4.8055
-2.073
-8.1195
-7.753
-8.994
-8.6825
-11.552
-7.203
-11.015
-20.306
-10.528
-10.977
-4.9265
-9.886
-12.579
-11.3135
-22.5235
-15.014
-10.437
-16.7625
-7.8785
-10.794
