-22.3645
-20.135
-19.916
-22.347
-28.0785
-15.788
-18.563
-17.201
-24.4625
-22.76
-18.95
-24.2865
-33.538
-24.7185
-18.224
-18.2155
-20.795
-27.232
-28.8135
-17.559
-19.074
-21.9385
-18.7345
-22.5615
-27.1835
-22.0585
-28.0445
-23.8155
-18.8425
-21.333
-16.806
-17.8805
-20.2695
-18.0575
-20.3715
-24.909
-17.1195
-25.0535
-15.8535
-19.0645
-18.3745
-17.68
-8.8615
-4.8145
-12.746
-14.781
-9.1495
-8.9505
-10.2655
-17.8085
-10.844
-15.41
-19.7585
-14.279
-16.1505
-9.4505
-11.051
-13.0225
-10.4885
-17.016
-12.6115
-15.0085
-9.418
-18.9135
-11.724
-19.0825
-14.722
-10.8125
-22.6275
-17.9725
-23.0145
-25.138
-28.029
-19.8315
-32.5675
-27.1345
-25.1085
-17.104
-20.728
-14.4095
-18.9785
-22.322
-27.23
-26.709
-35.723
-26.896
-18.6115
-27.494
-21.9515
-30.5345
-23.2285
-22.3995
-24.9945
-21.263
-18.2955
-33.132
-21.807
-29.646
-21.9675
-27.6535
-23.386
