-0.4610    1.2457     -1.0404    -1.7020    2.0319     -3.6594    -1.8590    -1.1180    -0.9784    -1.9150    -3.1779    -1.2900    -4.0402    -0.7620    -2.0587    
-0.8354    4.3955     -0.5298    -1.7770    -3.3389    -4.1988    -2.0570    -1.2115    -1.0296    -1.9230    -3.2322    -1.0270    -3.9751    -0.7156    -1.6718    
0.2559     2.0803     0.4554     -1.8790    -4.4507    -4.0894    -1.8660    -1.1840    -0.9969    -2.1960    -0.8991    -1.3070    -4.0496    -0.6480    -1.7770    
1.0087     0.8999     -1.1432    -1.5470    -0.8111    -3.4102    -1.6200    -0.8810    -0.8540    -1.9740    -2.6066    -1.1190    -3.1313    -0.6130    -1.2980    
0.8342     4.3064     -0.1703    -2.1228    -2.3457    -3.8582    -1.8220    -1.1290    -0.9940    -2.1867    -1.5943    -1.2270    -4.1646    -0.8010    -1.6354    
-0.5259    -0.8085    -0.9547    -1.4320    -2.1380    -3.1900    -1.2880    -0.9250    -0.9047    -1.6667    -0.0662    -1.2100    -3.1202    -0.6443    -1.4875    
-0.5749    3.3168     -0.9911    -1.7450    -1.2538    -3.6599    -1.8250    -0.9330    -0.9671    -1.7930    0.8910     -1.2480    -3.6706    -0.8560    -2.1393    
-0.9825    0.2696     -1.7749    -1.5430    0.7136     -3.0023    -1.5370    -0.9282    -0.9064    -1.6910    1.3526     -1.0020    -3.0729    -0.6916    -1.2346    
-0.6807    1.3946     -1.3125    -1.6620    -1.0888    -3.7405    -1.7425    -1.0187    -0.9047    -2.0530    -2.9611    -1.3950    -3.7852    -0.7570    -1.6659    
-0.8365    -1.0032    -2.4450    -1.7590    0.4221     -4.0712    -1.9155    -1.1390    -0.9454    -1.7530    -2.2332    -1.0074    -3.2608    -0.8920    -1.5395    
0.3272     3.6133     -1.7371    -1.6069    5.6725     -4.1363    -1.7780    -1.1250    -0.9754    -2.3010    -2.8658    -1.2109    -3.4110    -0.7240    -1.7153    
3.0560     11.3405    3.4077     -1.8370    0.9182     -3.8407    -1.7680    -0.9675    -0.8976    -2.0280    -3.1589    -1.4230    -3.2036    -1.0050    -1.9334    
