-1.2418    -1.2400    -0.9416    -1.9430    -0.9106    -0.7960    -2.6584    -0.7150    -0.6912    -0.7849    -2.5296    -0.5666    -0.6777    -1.2530    -0.3420    
-1.3624    -1.1480    -1.2400    -1.9450    -0.8820    -0.8848    -2.1277    -0.6270    -0.4282    -0.8180    -1.2613    -0.1620    0.2058     -0.7251    0.2000     
-1.8457    -1.4340    -1.5290    -2.1360    -1.0646    -1.2595    -2.7031    -0.7490    -0.5391    -0.9340    -2.4679    -0.2362    -0.1764    -0.5414    -0.1496    
-1.3081    -1.1890    -1.1420    -1.4960    -0.8763    -0.9357    -2.0630    -0.5720    -0.6548    -1.6022    -1.2703    -0.3980    -0.6415    -0.2699    -0.4120    
-1.3432    -1.3210    -1.0870    -2.0430    -0.9394    -1.0165    -2.5308    -0.7240    -0.7853    -1.1797    -2.2367    -0.3690    -0.5837    -0.5153    -0.3090    
-1.4180    -1.2090    -1.1730    -2.1935    -1.0834    -1.1195    -2.6237    -0.8188    -0.8209    -1.3666    -2.4501    -0.4540    -0.5511    -0.8137    -0.5130    
-1.4117    -1.2260    -1.7217    -1.4150    -1.0469    -1.4769    -2.3981    -0.6170    -0.7559    -1.1527    -1.9444    -0.2165    0.0137     -0.7560    -0.3493    
-1.0509    -0.9420    -1.1675    -1.3360    -0.8846    -1.1320    -0.3783    -0.4750    -0.6239    -0.9155    -1.4231    -0.2184    -0.6035    -0.7935    -0.1288    
-1.1387    -1.1720    -1.1860    -1.5990    -0.8851    -1.2227    -2.2183    -0.4731    -0.6379    -0.8245    -1.6825    -0.3781    -0.3103    -0.6970    -0.3923    
-0.7096    -0.7960    -0.5066    -1.3570    -0.6809    -0.6687    -0.2729    -0.3882    -0.5298    -0.7790    -0.9193    -0.2838    -0.7016    -0.3210    -0.1566    
-1.0666    -1.1960    -0.8180    -1.8180    -0.8860    -0.8125    -1.1757    -0.4280    -0.6380    -0.8850    -1.3059    -0.3271    1.8873     -0.4803    -0.1283    
-1.4219    -1.2710    -1.1896    -1.6430    -1.0908    -1.6620    -2.2756    -0.6940    -1.0462    -1.7179    -2.2846    -0.8780    -1.9872    -0.8750    -0.4479    
