-4.1295
-2.975
-2.754
-12.489
-15.8955
-5.882
-16.199
-20.768
-5.5685
-20.702
-1.127
-3.589
-9.615
-7.2365
-11.375
-11.833
-11.014
-13.116
-21.855
-5.3655
-11.666
-9.078
-10.4545
-16.208
-6.7495
-8.775
-12.9835
-4.947
-12.578
-10.2195
-16.4065
-9.028
-7.743
-15.545
-2.612
-18.886
-13.395
-21.047
-20.4535
-13.6675
-16.588
-21.1855
-14.133
-12.472
-9.345
-7.978
-9.9005
-11.2335
-6.464
-6.29
-4.495
-4.821
-2.03
-2.648
-2.844
1.618
-9.369
-3.7295
1.387
-7.9005
-6.061
2.107
-2.422
-16.26
-6.91
-10.646
-6.28
-5.761
-4.158
-10.558
-7.565
-5.065
-5.483
-9.224
-11.5055
-3.426
0.84
-4.325
-7.485
0.484
-2.102
-13.506
-11.5985
-11.874
-15.208
-11.087
-8.207
-6.147
-15.672
-2.089
-4.406
-12.423
-7.363
-11.348
-6.098
-12.574
-7.829
-19.35
-10.745
-24.379
-6.9255
