-6.971
-7.191
-7.45
-7.4695
-8.905
-11.2055
-12.3475
-5.868
-12.1275
-1.0155
-1.363
-6.135
-14.268
-12.054
-11.513
-12.07
-18.013
-14.908
-5.974
-20.978
-15.425
-15.204
-16.0885
-7.839
-8.2975
-4.617
-5.0915
-12.452
-10.123
-9.995
-5.056
-10.824
-8.1175
-7.019
-4.587
1.1385
-9.119
-9.731
-14.933
-13.3995
-10.239
-14.203
-13.4975
-14.565
-5.163
-20.212
-11.754
-16.82
-12.2465
-4.566
2.083
-9.613
-14.567
-23.318
-5.48
-9.7625
-21.2215
-14.5565
-15.8255
-12.635
-17.556
-15.0965
-12.817
-12.702
-21.1955
-18.585
-24.8995
-16.772
-28.046
-17.968
-19.586
-14.842
-7.49
-11.009
-9.641
-13.937
-18.112
-10.629
-2.548
-3.1
-15.3645
-1.973
-2.1905
-11.032
-12.747
-13.712
-3.507
-11.0565
-4.6135
-6.635
-3.144
-8.166
-7.8775
-1.676
-4.8865
-10.656
-2.6625
-9.2945
-13.6645
-14.5315
-9.746
