8.2745
-1.2905
-9.1535
-3.0705
3.299
0.356
-5.374
-4.917
-2.641
-9.6345
-8.5325
-16.5305
-5.1165
-6.1785
-9.3415
-5.5295
-8.446
-7.204
-8.895
-6.075
-6.425
-5.9
-2.807
-11.174
-8.002
4.667
-16.6415
-15.338
-14.002
-7.8135
-18.074
-12.576
-12.1935
-26.352
-27.476
-26.835
-17.253
-17.323
-25.941
-29.037
-19.6
-23.868
-27.4425
-29.9645
-19.2485
-21.053
-23.749
-27.896
-21.334
-25.03
-19.136
-24.84
-26.599
-31.917
-26.5165
-29.497
-21.7245
-14.1325
-33.595
-22.028
-21.234
-23.959
-22.862
-15.256
-20.935
-20.683
-19.05
-20.721
-23.691
-13.4785
-25.8
-19.2815
-18.549
-18.552
-17.965
-21.879
-11.8725
-11.0505
-17.788
-10.6405
-4.1515
-12.3145
-9.4105
-15.3635
-14.851
-12.092
-6.2415
-16.4655
-9.0435
-16.077
-10.6145
-15.345
-15.8795
-7.347
-5.579
-4.6085
-3.0455
-8.733
-8.1235
-12.806
-14.9
