-16.5735
-15.1
-8.452
-8.5345
-6.361
-9.29
-1.603
0.3785
8.64
-3.9665
-4.08
3.619
-0.492
-1.385
-6.609
-4.018
-1.364
0.692
-3.426
-6.88
-3.1055
1.659
-0.894
-4.001
7.113
-7.3
-9.167
-1.396
-4.379
-7.788
-8.336
-14.857
-22.819
-12.775
-11.906
-14.094
-13.344
-11.781
-13.312
-17.869
-15.065
-7.741
-12.399
-18.909
-14.008
-9.975
-10.528
-17.643
-19.517
-21.937
-10.8995
-18.623
-11.828
-13.498
-20.756
-8.919
-15.674
-17.809
-11.618
-14.886
-16.7755
-19.564
-21.99
-14.057
-15.141
-9.468
-21.313
-21.832
-13.8845
-26.909
-20.498
-12.564
-20.897
-18.088
-15.425
-17.894
-18.9035
-2.0275
-19.813
-18.603
-20.856
-20.6155
-14.004
-26.7935
-27.6465
-28.529
-18.79
-17.2265
-21.723
-26.708
-26.385
-24.47
-32.323
-23.379
-35.8345
-19.0075
-33.3245
-19.641
-23.483
-34.527
-28.028
