-4.809
-4.549
-4.181
-3.815
-4.128
-5.706
-8.452
-7.683
-6.581
-8.125
-5.1225
-6.145
-5.303
-5.426
-4.514
-4.144
-3.793
-5.689
-4.941
-3.438
-4.095
-3.14
-3.687
-3.212
-3.658
-2.808
-5.262
-4.662
-5.515
-5.3375
-3.432
-3.549
-3.722
-3.43
-2.526
-3.489
-3.876
-4.347
-4.731
-5.386
-5.746
-3.889
-4.5345
-3.498
-3.296
-2.332
-2.623
-2.659
-4.526
-4.047
-5.214
-3.987
-2.962
-4.429
-4.938
-4.325
-4.979
-3.909
-4.17
-5.8745
-5.743
-2.644
-2.475
-2.498
-2.979
-4.472
-4.044
-2.65
-3.023
-2.716
-3.241
-3.579
-4.566
-5.141
-4.591
-4.8275
-4.254
-4.597
-2.26
-3.345
-3.969
-5.272
-5.029
-4.6975
-3.752
-3.9205
-4.43
-4.66
-4.059
-3.481
-2.955
-2.331
-3.061
-2.206
-2.348
-2.899
-2.767
-3.748
-3.4985
-3.246
-3.0515
