-16.55
-19.4025
-18.176
-14.2395
-16.122
-17.729
-16.7785
-13.4565
-10.3135
-10.796
-16.12
-16.2945
-15.1765
-19.4295
-24.789
-15.677
-7.6225
-16.2785
-8.3635
-6.212
-16.978
-11.6105
-12.915
-14.583
-7.435
-7.2995
-3.998
-3.3325
-5.187
-9.0895
-12.4375
-6.83
-21.241
-14.3445
-13.005
-12.4445
-17.068
-6.241
-8.72
-10.2275
-10.3015
-4.383
-10.435
-7.7425
-11.555
-19.2355
-12.3695
-13.282
-8.525
-27.0185
-19.035
-16.439
-20.418
-18.16
-27.3745
-19.8965
-21.3915
-29.958
-16.941
-30.425
-28.98
-32.0175
-22.249
-19.032
-31.112
-28.4985
-24.0825
-14.1685
-16.943
-23.196
-16.1615
-26.4475
-23.0605
-19.2215
-26.418
-21.0505
-27.6455
-21.841
-22.134
-18.461
-21.984
-17.7185
-20.066
-20.656
-19.572
-24.9275
-18.924
-18.462
-11.884
-15.244
-10.252
-11.1825
-13.884
-15.6335
-13.726
-5.968
-13.0475
-12.7375
-14.6185
-9.1605
-11.403
