-29.8855
-22.963
-23.7445
-15.428
-16.849
-5.6705
-9.897
-4.57
-11.8035
-15.0435
-17.828
-13.7125
-11.8965
-21.9405
-22.283
-19.385
-16.002
-28.361
-25.6505
-12.4855
-19.5095
-22.1335
-14.148
-17.025
-18.4165
-17.9425
-20.2845
-25.169
-21.4455
-20.396
-21.08
-24.078
-27.729
-22.961
-27.701
-12.3585
-17.648
-23.9175
-19.573
-20.439
-26.308
-23.022
-14.455
-12.012
-22.83
-19.855
-22.9815
-28.6305
-22.8815
-23.9135
-14.846
-24.985
-6.886
-13.426
-20.0345
-20.4835
-20.069
-26.099
-31.688
-35.7005
-32.731
-30.445
-33.12
-27.046
-19.5425
-32.923
-25.201
-31.8535
-27.808
-33.949
-27.5545
-40.1695
-34.646
-25.537
-31.623
-28.791
-31.7315
-19.944
-11.4005
-18.0955
-11.1815
-10.455
-18.2885
-33.858
-26.8795
-26.4815
-29.521
-23.3175
-18.2755
-18.288
-22.4525
-24.207
-23.795
-22.601
-22.088
-34.694
-21.8205
-31.0115
-28.8805
-30.1155
-21.4385
