-18.5355
-17.2595
-18.2735
-11.797
-20.3305
-14.0665
-38.0425
-27.7785
-27.237
-30.2825
-29.0195
-24.002
-20.8875
-23.8425
-34.5395
-35.3025
-33.7885
-38.4615
-28.8565
-26.975
-33.9605
-36.1245
-22.108
-33.6265
-31.019
-34.3755
-42.4065
-33.9115
-40.5695
-31.8065
-33.5185
-27.5375
-29.428
-36.4405
-29.012
-33.5955
-32.7805
-26.5435
-32.3825
-30.7375
-30.3085
-27.9925
-40.4705
-27.4455
-31.56
-25.202
-26.236
-17.5475
-37.814
-32.3785
-20.9025
-32.3495
-36.456
-29.542
-36.2415
-32.251
-22.5425
-38.0425
-42.71
-42.975
-40.7815
-36.931
-24.7465
-27.6255
-33.92
-31.8365
-30.7995
-30.579
-30.9255
-31.2985
-17.3375
-15.7545
-19.32
-25.887
-21.2515
-37.5195
-35.3105
-26.1865
-26.9045
-10.0265
-23.0075
-26.0315
-24.524
-12.775
-22.461
-13.9065
-12.519
-18.9305
-10.426
-12.4765
-21.8895
-19.5215
-29.385
-11.3625
-24.8545
-21.1995
-28.9855
-20.565
-24.9215
-30.2195
-27.4185
