-17.9065
-22.5785
-20.5425
-21.6
-20.0985
-19.8825
-14.5265
-13.9585
-18.5705
-20.0115
-18.6
-23.2405
-14.966
-15.3975
-23.914
-26.014
-17.4435
-17.8585
-0.3955
-7.17
-2.4185
-19.003
-5.715
-12.3405
-10.338
-13.2975
-11.2765
-7.4465
-12.2135
-11.923
-16.6345
-12.406
-19.6275
-17.552
-19.9835
-23.643
-17.5755
-16.111
-18.085
-12.687
-21.6415
-5.7695
-9.5715
-9.11
-17.6735
-16.4225
-9.3265
-15.8085
-11.738
-24.714
-14.621
-17.67
-21.1445
-9.6975
-31.8545
-18.6275
-18.171
-26.138
-16.559
-18.6165
-24.3395
-23.801
-19.073
-14.0745
-18.5235
-27.4885
-31.5195
-24.2125
-23.5835
-24.981
-21.6885
-24.848
-23.7565
-26.7505
-27.0065
-34.183
-21.7545
-27.866
-19.32
-15.094
-16.4105
-7.9485
-10.2365
-8.788
-14.4815
-11.454
-5.2195
-13.2775
-10.622
-19.6485
-22.9905
-18.5435
-21.2765
-14.9595
-4.1705
-12.404
-12.7815
-6.6725
-10.0175
-11.125
-13.3285
