-0.5299    0.2708     1.0008     -0.1394    -0.3367    -0.9509    -0.7770    -0.4360    -1.0575    -1.8180    -0.8571    -2.3391    -1.1859    -1.2420    -3.4425    
-1.4440    -0.2493    -0.4770    -0.4700    -0.3576    -0.9686    -0.4824    -0.4470    -0.9809    -1.7800    -0.8409    -2.3510    -1.3303    -1.6559    -3.4727    
2.5374     -0.5490    -0.1495    -0.4770    -0.6388    -1.5309    -0.9700    -0.5460    -1.0297    -1.9590    -1.1366    -2.2694    -2.0904    -1.5725    -3.4391    
3.5742     -0.6584    -0.3411    -1.6249    -0.6306    -1.4577    -1.2383    -0.5480    -1.3107    -2.5776    -1.0136    -2.3880    -2.2278    -1.5004    -3.6682    
4.0010     0.1593     0.8069     -0.1118    -0.3857    -0.5382    -1.0670    -0.4080    -1.1908    -2.2613    -0.6996    -2.2130    -0.9754    -1.5430    -3.0939    
2.6473     -0.1771    0.9420     -0.2679    -0.4218    -1.0852    -0.6060    -0.4870    -1.3153    -2.4650    -0.8227    -2.3248    -1.4590    -1.3390    -3.2260    
-1.1453    -0.5205    -0.5479    -0.2599    -0.6479    -1.4607    -1.1540    -0.4780    -1.2148    -2.2239    -1.0284    -2.5593    -1.4506    -1.5530    -3.8946    
0.0204     -0.7248    -0.3904    -0.4930    -0.3804    -1.2628    -0.8940    -0.4810    -1.3560    -2.4685    -1.0102    -2.2347    -2.1783    -1.1260    -3.7841    
-1.1035    -0.6550    0.5007     -0.2335    -0.4554    -1.0887    -0.9220    -0.5100    -1.0723    -2.1836    -0.9443    -2.1331    -1.6114    -1.1510    -3.2467    
-0.7381    -0.4146    -0.8182    -0.3850    -0.2850    -1.2479    -1.0620    -0.4300    -1.0705    -2.2050    -0.7549    -2.1030    -1.8380    -1.0880    -3.3063    
-1.3368    -0.3527    -0.4189    -0.6810    -0.6791    -1.2428    -0.7040    -0.3990    -1.0590    -1.7830    -0.8587    -1.9590    -1.8969    -1.0530    -2.8174    
-0.8433    -1.2615    -1.0216    -0.8080    -0.7796    -2.0469    -1.1180    -0.4780    -1.2127    -2.4246    -0.7494    -2.2067    -1.4607    -1.2160    -3.9370    
