-1.9572    -1.2907    -1.5938    -1.8292    -1.0903    -0.8937    -2.1921    -0.5778    -0.5874    -0.5260    -0.2880    -0.2043    -0.0464    -0.2779    -0.4904    
0.6974     -1.2035    0.7614     -1.9110    -0.9351    -0.7212    -2.1268    -0.5260    -0.5049    -0.5640    -0.0151    0.3919     0.2766     -0.1520    -0.3313    
-1.3491    -0.9540    -0.7684    -1.6773    -0.9136    -0.7210    -1.4718    -0.4750    -0.5724    -0.5111    -0.4015    -0.1975    -0.3332    -0.4791    -0.4075    
-3.0656    -0.9882    -2.0460    -1.9761    -1.2909    -1.0041    -2.6984    -0.6640    -0.7900    -0.7675    -0.6185    -0.0767    -0.5524    -0.0990    -0.4551    
-2.8955    -1.4319    -1.8572    -1.6890    -1.1818    -1.0806    -2.1450    -0.5283    -0.6074    -0.4406    -0.1092    1.1063     -0.6555    -0.0175    -0.2473    
-0.6183    -1.3242    -1.4749    -2.0240    -1.1180    -1.0632    -2.7228    -0.7360    -0.6513    -0.9628    -0.6161    -0.4872    -0.5418    -0.2544    -0.3391    
-1.1978    -1.1716    -1.3587    -1.8698    -1.0536    -0.6748    -1.6312    -0.6280    -0.5663    -0.4755    -0.8190    -0.7068    -0.3132    -0.2040    -0.3219    
2.6829     -0.9723    -0.6213    -1.7993    -1.0815    -0.8439    -1.1954    -0.5521    -0.5232    -0.6792    -0.4996    -0.2330    1.7720     -0.0492    -0.2302    
-1.4981    -1.0430    -1.4706    -2.2039    -1.2192    -0.8081    -1.7899    -0.6820    -0.5337    -0.5068    -0.3844    -0.2975    -0.1686    -0.2264    -0.2602    
-2.3692    -1.5731    -1.2985    -1.7937    -1.0336    -0.5510    -1.1480    -0.6050    -0.4553    -0.5789    -0.5831    -0.3766    -0.0871    -0.4679    -0.2578    
-1.5555    -1.0809    -1.0197    -1.2306    -0.9217    -0.7250    -1.6447    -0.3830    -0.6320    -1.1330    -0.7545    -0.4269    -0.8053    -0.3257    -0.3008    
-1.8161    -0.6153    -1.1412    -1.1052    -0.9182    -0.5828    1.1088     -0.3738    -0.3971    -0.1755    -0.2909    -0.4146    -0.6599    -0.4079    -0.5142    
