    -4.67589                0
    -4.48503                0
    -4.29418                0
    -4.10333                0
    -3.91248                0
    -3.72162      4.53406e-06
    -3.53077      0.000684978
    -3.33992        0.0162577
    -3.14907         0.262739
    -2.95821          2.67389
    -2.76736          17.9994
    -2.57651          82.5824
    -2.38566           261.44
     -2.1948          556.501
    -2.00395          829.026
     -1.8131          973.705
    -1.62225          1011.39
    -1.43139          976.104
    -1.24054          918.535
    -1.04969          883.442
   -0.858836          868.527
   -0.667984          851.532
   -0.477131           818.79
   -0.286279          763.648
  -0.0954262          704.529
   0.0954262          702.879
    0.286279          761.626
    0.477131          819.734
    0.667984          852.018
    0.858836          870.484
     1.04969          888.787
     1.24054          920.227
     1.43139          969.326
     1.62225          996.936
      1.8131          937.276
     2.00395          794.227
      2.1948           551.58
     2.38566          288.911
     2.57651          107.381
     2.76736          28.4471
     2.95821          4.96494
     3.14907         0.501158
     3.33992        0.0229272
     3.53077      0.000320062
     3.72162                0
     3.91248                0
     4.10333                0
     4.29418                0
     4.48503                0
     4.67589                0
