    -4.66843                0
    -4.47788                0
    -4.28733                0
    -4.09678                0
    -3.90624                0
    -3.71569                0
    -3.52514      0.000736512
    -3.33459        0.0188096
    -3.14404         0.292859
     -2.9535          2.70656
    -2.76295          18.2018
     -2.5724           84.077
    -2.38185          268.078
     -2.1913          570.191
    -2.00076          842.811
    -1.81021          984.774
    -1.61966          1018.51
    -1.42911          977.874
    -1.23856          917.014
    -1.04801          882.671
   -0.857466          868.568
   -0.666918          853.013
    -0.47637          821.564
   -0.285822          761.823
  -0.0952741          696.958
   0.0952741          697.465
    0.285822          761.691
     0.47637          821.663
    0.666918          853.186
    0.857466          868.743
     1.04801          885.556
     1.23856          924.966
     1.42911          986.283
     1.61966          1029.33
     1.81021          985.018
     2.00076          822.862
      2.1913          560.975
     2.38185          269.919
      2.5724          85.6594
     2.76295          19.1631
      2.9535          3.04984
     3.14404         0.385386
     3.33459        0.0323942
     3.52514      0.000853069
     3.71569                0
     3.90624                0
     4.09678                0
     4.28733                0
     4.47788                0
     4.66843                0
