    -4.69172                0
    -4.50022                0
    -4.30872                0
    -4.11722                0
    -3.92572                0
    -3.73423                0
    -3.54273       0.00066866
    -3.35123        0.0151132
    -3.15973         0.239528
    -2.96823          2.52443
    -2.77673          16.8301
    -2.58523          79.2953
    -2.39373          256.037
    -2.20224          551.711
    -2.01074           830.98
    -1.81924          980.546
    -1.62774          1016.69
    -1.43624          981.311
    -1.24474           920.03
    -1.05324          884.005
   -0.861744          868.692
   -0.670246          853.027
   -0.478747          821.232
   -0.287248          762.017
  -0.0957494          697.534
   0.0957494          697.851
    0.287248          762.403
    0.478747           822.08
    0.670246          854.051
    0.861744          871.154
     1.05324          888.167
     1.24474          928.097
     1.43624          990.173
     1.62774          1010.69
     1.81924          963.002
     2.01074          810.903
     2.20224           547.94
     2.39373           264.24
     2.58523          87.6724
     2.77673          20.7475
     2.96823          3.46116
     3.15973         0.380041
     3.35123         0.022533
     3.54273      0.000736248
     3.73423      4.57279e-06
     3.92572                0
     4.11722                0
     4.30872                0
     4.50022                0
     4.69172                0
