    -4.77827                0
    -4.58324                0
     -4.3882                0
    -4.19317                0
    -3.99814                0
    -3.80311                0
    -3.60808      0.000845744
    -3.41305        0.0190593
    -3.21802         0.200907
    -3.02299          1.97031
    -2.82795          14.0573
    -2.63292          69.6366
    -2.43789          238.173
    -2.24286          537.326
    -2.04783          829.364
     -1.8528          987.166
    -1.65777          1027.37
    -1.46273          986.253
     -1.2677          922.188
    -1.07267          886.014
   -0.877641          871.212
    -0.68261          854.991
   -0.487578          824.144
   -0.292547          762.989
  -0.0975157          692.184
   0.0975157          692.241
    0.292547          763.145
    0.487578          824.482
     0.68261          855.661
    0.877641          872.035
     1.07267          887.808
      1.2677          931.312
     1.46273          992.654
     1.65777          1030.41
      1.8528           985.93
     2.04783          823.548
     2.24286          531.572
     2.43789          236.929
     2.63292          69.0201
     2.82795          13.5587
     3.02299          1.87958
     3.21802         0.154468
     3.41305       0.00847641
     3.60808      0.000758463
     3.80311      4.55135e-06
     3.99814                0
     4.19317                0
      4.3882                0
     4.58324                0
     4.77827                0
