-19.9635
-16.4135
-10.3045
-18.1475
-11.5365
-9.631
-8.412
-16.357
-7.941
-17.203
-12.868
-11.325
-8.968
-24.5725
-17.845
-17.52
-7.0505
-8.028
-15.872
-14.834
-19.483
-16.603
-18.295
-13.8575
-8.0325
-12.556
-23.777
-16.157
-16.4805
-23.5845
-14.2425
-17.716
-22.4435
-14.3365
-25.63
-18.4235
-30.9005
-22.836
-24.3045
-16.533
-11.439
-10.4435
-20.6395
-14.989
-18.81
-13.164
-18.2075
-5.766
-15.9105
-26.038
-17.958
-14.275
-12.353
-14.8035
-15.897
-20.8355
-23.766
-20.487
-23.963
-16.636
-15.3065
-15.479
-9.3985
-21.3325
-20.5275
-16.0195
-9.618
-9.383
-4.615
-15.506
-20.188
-19.8205
-17.006
-15.003
-9.7245
-21.1095
-20.4785
-26.328
-14.7145
-24.752
-21.5325
-18.339
-12.772
-22.2855
-23.5655
-24.6925
-32.2325
-17.507
-17.334
-17.353
-19.051
-21.542
-15.535
-19.264
-24.6245
-25.408
-30.854
-24.831
-24.442
-10.11
-17.4635
