-4.26
-5.067
-1.515
-3.264
-3.494
-3.288
-3.169
-2.0905
-2.563
-2.773
0.079
-0.338
-2.736
-3.992
-0.361
-2.667
-2.59
-0.891
-1.691
-2.4
-2.121
-3.475
-1.6995
-1.9295
-2.15
-1.884
-2.48
0.096
-1.581
-5.185
-3.417
-3.219
-3.775
-5.235
-4.587
-0.56
-1.621
-2.191
-2.295
-0.819
-1.947
-4.139
-3.4
-2.562
-0.91
-2.094
-4.193
-2.248
-4.379
-4.727
-6.046
-0.7865
-2.538
-1.752
-2.224
-2.29
-2.563
-0.882
-1.853
-2.527
-3.888
-3.623
-1.432
-2.429
-3.429
-3.79
-4.2
-3.562
-2.893
-5.128
-1.951
-4.458
-3.872
-0.4355
-2.475
-3.271
-2.205
-2.8715
-2.28
-0.865
-3.6
-3.365
-3.801
-4.185
-3.08
-3.961
-2.925
-2.603
-3.449
-3.361
-1.0725
-1.352
-2.8595
-2.197
-2.008
-1.7655
-3.322
-2.422
-1.5975
-2.71
-2.314
