-32.1285
-20.6125
-24.288
-18.866
-20.9275
-15.5925
-4.686
-20.8235
-21.5995
-12.4185
-14.3175
-17.005
-27.501
-20.5515
-29.221
-31.9435
-29.5435
-9.3255
-17.741
-1.6805
-22.471
-33.0355
-31.445
-18.898
-26.957
-15.123
-20.6765
-12.397
-22.086
-17.941
-17.1715
-30.2395
-19.1185
-28.6935
-18.551
-21.873
-17.9915
-16.7675
-11.1115
-26.1165
-22.1025
-17.8295
-28.599
-22.044
-17.3965
-31.9115
-15.6835
-24.5065
-3.6665
-18.0315
-34.1015
-24.4515
-17.6555
-23.606
-23.419
-20.6015
-36.7555
-21.008
-27.9675
-30.7645
-21.17
-24.953
-30.2265
-35.1615
-25.0235
-23.627
-30.0615
-31.341
-33.3035
-30.357
-27.444
-30.577
-28.2605
-29.0035
-25.952
-23.692
-28.1365
-18.727
-28.1815
-41.003
-33.3535
-35.853
-28.227
-36.489
-33.387
-36.0905
-40.978
-43.2585
-35.8465
-30.4405
-26.0955
-21.4235
-23.7385
-33.0905
-30.4275
-27.2175
-27.1735
-18.656
-16.5035
-15.7935
-16.935
