-27.6225
-28.5935
-30.471
-33.287
-24.334
-21.803
-24.7765
-26.74
-25.365
-27.3585
-29.682
-29.8765
-17.1525
-23.9805
-19.1515
-15.2125
-20.9525
-21.4705
-20.2885
-22.1365
-12.699
-23.154
-24.2955
-23.85
-16.647
-24.278
-32.5945
-20.674
-27.4595
-24.87
-14.8795
-20.137
-23.401
-22.7085
-23.0075
-13.7485
-22.358
-20.5105
-15.973
-18.041
-12.866
-14.2685
-12.803
-11.524
-7.2765
-10.2
-10.3995
-16.338
-11.2035
22.715
-6.529
-18.285
-13.405
-11.014
-10.4575
-16.115
-16.545
-13.883
-22.09
-12.327
-21.244
-12.626
-13.279
-5.6745
-8.6845
-1.6555
-12.8155
-13.9295
-16.9165
-19.3885
-17.3285
-5.039
-16.014
-23.5715
-26.1365
-24.269
-30.9785
-15.47
-22.996
-13.5955
-23.339
-22.8645
-16.3685
-10.4575
-16.801
-11.135
-14.7565
-17.1205
-17.507
-8.0955
-9.3285
-9.371
-20.5465
-25.2475
-25.461
-25.2765
-23.629
-18.979
-10.777
-16.044
-18.506
