-0.4296    -1.2145    -0.8574    -1.3610    -1.3904    -2.5310    -0.8388    -0.5750    -1.4935    -0.6390    -0.4542    -0.9630    -0.3202    -0.4540    -0.4270    
-2.1065    -1.4011    -1.3081    -0.7880    -1.7707    -2.5300    -0.4420    -0.6795    -2.0126    -0.7837    -0.4051    -1.1500    -0.4730    -0.4470    -0.4880    
-1.9197    -1.6612    -4.7511    -1.7720    -2.3660    -4.3070    -2.0541    -1.0769    -2.5678    -1.6300    -1.3052    -1.2875    -0.7468    -0.6050    -0.6340    
-2.4518    -1.1298    -2.3634    -0.7520    -1.4651    -3.5251    -0.7255    -0.6070    -1.9571    -0.9297    -0.4413    -1.0670    -0.2150    -0.6670    -0.6270    
-2.2630    -1.4990    -2.4148    -0.9070    -1.7550    -2.6706    -1.0073    -0.6410    -1.7928    -0.7727    -0.5968    -0.8600    -0.4100    -0.4160    -0.5230    
-0.8320    -1.1300    -3.5513    -1.8498    -2.1712    -4.5087    -1.2223    -0.9250    -2.0603    -0.5921    -0.6652    -0.9310    -0.3993    -0.5040    -0.6650    
-1.5015    -1.3240    -1.8525    -1.1052    -1.5032    -3.2121    -0.6756    -0.6630    -1.7763    -0.4985    -0.4434    -0.9940    -0.3465    -0.4530    -0.5590    
-2.1167    -1.1690    -4.0481    -0.8530    -1.4784    -2.4302    -0.6447    -0.4990    -1.8058    -1.1917    -0.5149    -1.1660    -0.5070    -0.4230    -0.7250    
-0.6953    -1.2250    -2.7347    -0.7776    -1.7674    -3.2710    -1.0805    -0.7270    -2.1270    -1.1341    -0.6852    -0.8390    -0.5500    -0.4060    -0.4130    
-2.3616    -1.3010    -3.6690    -0.9950    -1.6334    -2.9473    -0.8413    -0.6970    -1.5113    -0.5094    -0.4243    -0.8970    -0.3330    -0.4270    -0.5919    
-2.2566    -1.3635    -3.2201    -1.0920    -1.6362    -2.1704    -0.8816    -0.7520    -2.0149    -0.6623    -0.5014    -0.8319    -0.2773    -0.4560    -0.3921    
-2.2851    -1.2330    -3.0525    -1.0940    -1.6811    -2.0382    -0.8389    -0.7100    -1.8839    -0.9530    -0.6907    -1.1340    -0.5571    -0.4480    -0.3635    
