
-0.4296    -1.2145    -0.8574    -1.3610    -1.3904    -2.5310    -0.8388    -0.5750    -1.4935    -0.6390    -0.4542    -0.9630    -0.3202    -0.4540    -0.4270    
-2.1065    -1.4011    -1.3081    -0.7880    -1.7707    -2.5300    -0.4420    -0.6795    -2.0126    -0.7837    -0.4051    -1.1500    -0.4730    -0.4470    -0.4880    
-1.9197    -1.6612    -4.7511    -1.7720    -2.3660    -4.3070    -2.0541    -1.0769    -2.5678    -1.6300    -1.3052    -1.2875    -0.7468    -0.6050    -0.6340    
-2.4518    -1.1298    -2.3634    -0.7520    -1.4651    -3.5251    -0.7255    -0.6070    -1.9571    -0.9297    -0.4413    -1.0670    -0.2150    -0.6670    -0.6270    
-2.2630    -1.4990    -2.4148    -0.9070    -1.7550    -2.6706    -1.0073    -0.6410    -1.7928    -0.7727    -0.5968    -0.8600    -0.4100    -0.4160    -0.5230    
-0.8320    -1.1300    -3.5513    -1.8498    -2.1712    -4.5087    -1.2223    -0.9250    -2.0603    -0.5921    -0.6652    -0.9310    -0.3993    -0.5040    -0.6650    
-1.5015    -1.3240    -1.8525    -1.1052    -1.5032    -3.2121    -0.6756    -0.6630    -1.7763    -0.4985    -0.4434    -0.9940    -0.3465    -0.4530    -0.5590    
-2.1167    -1.1690    -4.0481    -0.8530    -1.4784    -2.4302    -0.6447    -0.4990    -1.8058    -1.1917    -0.5149    -1.1660    -0.5070    -0.4230    -0.7250    
-0.6953    -1.2250    -2.7347    -0.7776    -1.7674    -3.2710    -1.0805    -0.7270    -2.1270    -1.1341    -0.6852    -0.8390    -0.5500    -0.4060    -0.4130    
-2.3616    -1.3010    -3.6690    -0.9950    -1.6334    -2.9473    -0.8413    -0.6970    -1.5113    -0.5094    -0.4243    -0.8970    -0.3330    -0.4270    -0.5919    
-2.2566    -1.3635    -3.2201    -1.0920    -1.6362    -2.1704    -0.8816    -0.7520    -2.0149    -0.6623    -0.5014    -0.8319    -0.2773    -0.4560    -0.3921    
-2.2851    -1.2330    -3.0525    -1.0940    -1.6811    -2.0382    -0.8389    -0.7100    -1.8839    -0.9530    -0.6907    -1.1340    -0.5571    -0.4480    -0.3635    
5.8062     -0.3312    8.3226     2.5244     14.1725    7.7076     -2.2052    -1.1837    2.7915     2.7002     -0.8833    -1.3567    -1.7307    -0.7450    -0.8240    
1.8955     -1.1558    6.0248     1.4216     13.9078    7.1755     -1.5882    -1.4516    1.1439     3.0614     -0.8151    -1.4859    -1.9122    -1.0689    -0.9840    
4.2368     1.2216     7.2980     4.0048     14.4201    7.0689     -2.1498    0.0444     2.4921     4.7163     2.3252     -1.1710    -2.3670    -0.2525    -0.9880    
-0.3314    -0.5621    6.6635     3.8704     15.7429    5.6327     1.6932     0.0477     2.8080     3.0451     2.2941     -1.5066    -2.0080    -0.8712    -1.0322    
0.4117     1.1673     5.8382     4.9356     15.9997    7.4527     -0.2648    -0.9861    2.7772     3.0793     2.0184     -0.7503    -1.2685    -0.4348    -0.6107    
1.1489     1.1869     4.7315     2.4011     16.7295    5.3221     -1.3362    -1.0576    5.5400     6.9401     3.5194     -1.2591    -3.1517    -0.7890    -0.9499    
3.0799     0.9699     6.7481     4.6105     17.2780    7.2596     -1.1173    -0.7305    2.9202     -0.0293    -0.4732    -1.2360    -2.0060    -0.6575    -0.7330    
-1.3502    0.6364     11.9538    3.2930     16.6388    8.0893     -0.9172    0.4027     5.9387     1.1001     -1.8368    -0.9529    -1.5945    -0.2606    -0.5814    
-0.4935    1.3373     8.3757     6.3816     15.3092    7.0004     -1.6705    -1.1603    1.3687     2.2052     4.8553     -1.0624    -2.0239    -0.6220    -0.7750    
0.6201     0.8233     3.5640     -1.0678    8.0949     3.3422     -1.2808    -1.1004    1.6567     2.2950     4.7149     -1.1509    -1.1705    -0.5902    -0.6930    
-0.2738    -0.6020    6.4542     0.6699     13.4199    5.1730     -1.3729    -0.2271    2.5531     1.2042     1.2514     -0.9893    -1.5554    -0.8098    -0.7566    
7.9704     0.9482     5.4198     1.4207     17.7736    6.1962     -1.2418    -0.5350    2.7886     1.1272     -2.6553    -1.0414    -2.3195    -0.7674    -0.8340    
-1.2443    -0.9520    -1.5444    -1.3380    -1.1058    -0.6340    -1.6812    -0.3680    -0.5440    -0.8030    -1.1850    -0.7640    -1.5360    -0.7584    -1.3210    
-1.2602    -0.6990    5.6411     -2.3693    -1.2024    -0.5755    -1.4458    -0.6710    -0.5949    -0.5280    -0.4330    -0.7790    -0.6580    -1.3382    -1.7870    
-1.1104    1.0538     10.8271    -0.5230    -0.3566    -0.3905    -0.8196    -0.2155    -0.4277    -0.8506    -1.4980    -0.8266    -1.7800    -0.5818    -1.6858    
-1.0087    -1.1760    -1.3260    -1.2250    -1.4709    -0.7430    -1.1009    -0.5831    -0.4244    -0.4540    -1.0732    -0.8690    -1.2420    -1.3887    -1.8830    
-0.9167    -0.4112    3.0424     -0.7803    4.6335     -0.3563    -1.1505    -0.3675    -0.2786    -0.6094    -0.4853    -0.7040    -1.1120    -0.8331    -1.5512    
-1.2015    -1.1271    0.1294     -0.9046    -0.0894    -0.6787    -1.2509    -0.5070    -0.7460    -1.2725    -0.8271    -1.1540    -1.7650    -1.3027    -2.4372    
-0.8453    -0.7922    -1.5764    -1.1519    -1.4937    -0.6750    -1.0641    -0.4620    -0.5499    -0.9312    -0.6528    -0.9770    -1.3547    -0.8550    -1.8081    
-0.3398    -1.1070    -0.5701    0.1356     0.1888     -0.7065    -0.8755    -0.4630    -0.6843    -1.2751    -0.8241    -0.9130    -1.4403    -0.8439    -1.7899    
-1.8387    -0.9666    -0.4166    -1.5516    -2.0186    -0.8260    -1.1378    -0.5570    -0.6301    -0.5541    -0.7401    -1.2000    -1.6596    -1.2309    -2.4136    
-0.0215    -0.7729    1.7541     -0.5205    2.2324     -0.3955    -0.7576    -0.4429    -0.5146    -0.9593    -0.7621    -1.0240    -2.1120    -0.7726    -2.0148    
-1.7188    -1.2590    -0.3710    -1.2870    -1.5712    -0.7701    -1.3889    -0.4810    -0.7305    -1.2592    -1.0024    -0.8840    -1.9147    -1.0430    -1.6706    
-1.3410    -0.8452    0.4305     -0.9960    -1.0155    -0.5700    -0.7777    -0.3260    -0.4300    -0.6271    -0.7514    -0.6480    -1.3976    -0.6083    -1.2747    
1.2354     -1.2231    2.3135     -1.6430    -0.8730    -0.4479    -1.5939    -0.4075    -0.4641    -1.3210    -1.2481    -0.5350    -1.3431    -0.2580    -0.5900    
1.9806     -0.4075    0.8861     -1.1560    -0.3046    -0.2975    -1.8263    -0.3590    -0.4833    -1.6520    -1.3674    -0.5670    -1.4990    -0.3190    -0.6500    
3.4105     -2.2769    0.5274     -1.8930    -1.0751    -0.5488    -1.9718    -0.5920    -0.6461    -1.9088    -1.3648    -0.8850    -1.5537    -0.3710    -0.6780    
-1.9875    -0.7617    -1.8278    -1.9057    -1.0453    -1.0550    -1.9579    -0.5560    -0.5541    -1.7776    -1.6031    -0.8100    -2.0510    -0.4090    -0.9810    
-1.2205    -1.1888    -1.0644    -1.6860    -0.9227    -0.6160    -1.6252    -0.4830    -0.5129    -1.3485    -1.4142    -0.6130    -1.2275    -0.2930    -0.5160    
1.6854     -0.8891    2.1372     -2.1505    -1.2091    -0.9110    -2.1774    -0.6190    -0.5444    -2.0441    -1.8162    -0.6820    -1.7558    -0.3307    -0.7250    
5.6771     -0.4347    0.5223     -1.4520    -1.0291    -0.6443    -1.4647    -0.5040    -0.4787    -1.4926    -1.3511    -0.6170    -1.2620    -0.3150    -0.3350    
3.8290     -1.4770    1.4298     -1.3610    -1.0434    -0.7612    -1.9539    -0.5240    -0.7626    -1.7660    -1.5415    -0.6030    -1.3510    -0.3100    -0.4310    
-1.5105    -1.9359    -0.7204    -2.1140    -1.3274    -0.7923    -1.8705    -0.6670    -0.6531    -1.6082    -1.6447    -0.6020    -1.5300    -0.3480    -0.5290    
1.0104     -1.5478    -1.2200    -1.5870    -1.2702    -1.1294    -1.6253    -0.6100    -0.6062    -1.3906    -1.5049    -0.5610    -1.4201    -0.3170    -0.5010    
1.0909     -1.1351    -0.2794    -1.3257    -0.6646    0.2134     -0.9524    -0.3140    -0.0632    -1.4436    -1.0540    -0.5650    -1.5265    -0.2570    -0.6340    
1.7736     -0.7372    0.8727     -1.1790    -0.3972    -0.0220    -1.1990    -0.4157    -0.3153    -1.1622    -1.0238    -0.7313    -1.1828    -0.2720    -0.5160    
