1.2354     -1.2231    2.3135     -1.6430    -0.8730    -0.4479    -1.5939    -0.4075    -0.4641    -1.3210    -1.2481    -0.5350    -1.3431    -0.2580    -0.5900    
1.9806     -0.4075    0.8861     -1.1560    -0.3046    -0.2975    -1.8263    -0.3590    -0.4833    -1.6520    -1.3674    -0.5670    -1.4990    -0.3190    -0.6500    
3.4105     -2.2769    0.5274     -1.8930    -1.0751    -0.5488    -1.9718    -0.5920    -0.6461    -1.9088    -1.3648    -0.8850    -1.5537    -0.3710    -0.6780    
-1.9875    -0.7617    -1.8278    -1.9057    -1.0453    -1.0550    -1.9579    -0.5560    -0.5541    -1.7776    -1.6031    -0.8100    -2.0510    -0.4090    -0.9810    
-1.2205    -1.1888    -1.0644    -1.6860    -0.9227    -0.6160    -1.6252    -0.4830    -0.5129    -1.3485    -1.4142    -0.6130    -1.2275    -0.2930    -0.5160    
1.6854     -0.8891    2.1372     -2.1505    -1.2091    -0.9110    -2.1774    -0.6190    -0.5444    -2.0441    -1.8162    -0.6820    -1.7558    -0.3307    -0.7250    
5.6771     -0.4347    0.5223     -1.4520    -1.0291    -0.6443    -1.4647    -0.5040    -0.4787    -1.4926    -1.3511    -0.6170    -1.2620    -0.3150    -0.3350    
3.8290     -1.4770    1.4298     -1.3610    -1.0434    -0.7612    -1.9539    -0.5240    -0.7626    -1.7660    -1.5415    -0.6030    -1.3510    -0.3100    -0.4310    
-1.5105    -1.9359    -0.7204    -2.1140    -1.3274    -0.7923    -1.8705    -0.6670    -0.6531    -1.6082    -1.6447    -0.6020    -1.5300    -0.3480    -0.5290    
1.0104     -1.5478    -1.2200    -1.5870    -1.2702    -1.1294    -1.6253    -0.6100    -0.6062    -1.3906    -1.5049    -0.5610    -1.4201    -0.3170    -0.5010    
1.0909     -1.1351    -0.2794    -1.3257    -0.6646    0.2134     -0.9524    -0.3140    -0.0632    -1.4436    -1.0540    -0.5650    -1.5265    -0.2570    -0.6340    
1.7736     -0.7372    0.8727     -1.1790    -0.3972    -0.0220    -1.1990    -0.4157    -0.3153    -1.1622    -1.0238    -0.7313    -1.1828    -0.2720    -0.5160    
