-27.834
-30.0595
-20.6655
-18.0625
-29.23
-21.7855
-23.5935
-25.518
-20.7705
-17.723
-29.2815
-25.874
-37.9355
-30.6575
-27.771
-35.0845
-34.6585
-25.644
-31.699
-21.9925
-24.822
-31.3635
-30.293
-32.1775
-31.857
-25.9315
-30.94
-34.5115
-37.689
-40.0835
-41.3045
-56.553
-42.1295
-50.6805
-46.2185
-31.9335
-38.793
-36.837
-38.356
-34.2585
-46.6595
-36.4205
-35.3165
-33.4065
-33.224
-31.028
-33.0305
-29.42
-28.156
-34.1835
-31.0125
-38.6475
-42.0635
-33.813
-39.4785
-26.601
-32.1235
-34.4665
-34.057
-32.038
-32.7575
-43.691
-37.783
-28.8905
-25.9535
-31.41
-17.8175
-31.054
-37.202
-24.3705
-25.264
-28.458
-20.1405
-27.3815
-23.6275
-22.0765
-26.6695
-15.4245
-32.2325
-31.929
-26.8475
-38.668
-24.8525
-34.955
-32.4615
-23.624
-25.402
-15.065
-39.9185
-36.96
-36.2595
-20.8875
-40.1125
-30.137
-29.3355
-23.672
-31.944
-31.7615
-41.0505
-33.2735
-32.3745
