-17.0845
-14.5725
-17.932
-17.786
-26.7655
-17.4415
-18.39
-17.4055
-27.1255
-16.6315
-26.5185
-18.0355
-4.1715
-12.066
-26.066
-15.9085
-13.8205
-19.8335
-25.0745
-19.1265
-18.08
-27.4815
-29.4815
-24.204
-23.307
-25.9315
-24.9725
-25.9455
-31.968
-24.6755
-28.547
-26.0455
-43.0895
-30.43
-32.6815
-31.1265
-30.5025
-29.2645
-17.4855
-15.039
-18.785
-10.22
-13.134
-13.6455
-11.22
-8.643
0.8505
-3.08
-16.297
-14.4275
-11.6695
-12.181
-10.262
-14.051
-3.9205
-5.736
-9.714
-7.0625
-19.7675
-6.205
-8.463
-6.157
-22.354
-16.4235
-15.1195
-13.5935
-18.0235
-20.074
-27.5035
-29.0345
-22.927
-25.3375
-19.2575
-27.9945
-14.8365
-22.534
-12.7
-16.1375
-11.191
-20.8705
-20.7495
-16.603
-26.932
-18.882
-12.4115
-13.65
-26.96
-18.6245
-23.8685
-19.2315
-14.5995
-21.5035
-20.399
-18.6865
-16.338
-22.2785
-39.4545
-34.006
-33.3275
-31.71
-26.2225
