-20.0625
-20.8185
-14.961
-23.294
-13.835
-13.346
-5.831
-23.5905
-14.074
-15.7355
-16.72
-16.061
-6.684
-17.59
-19.62
-13.175
-19.965
-17.8705
-12.82
-16.834
-17.649
-17.5965
-15.633
-19.732
-16.388
-8.782
-16.831
-10.574
-18.9355
-19.4015
-19.191
-27.216
-11.547
-30.538
-25.6105
-28.344
-23.747
-30.4915
-21.3145
-25.3135
-28.615
-20.3815
-22.396
-23.1885
-27.133
-22.547
-20.063
-21.329
-27.524
-24.774
-13.489
-13.2585
-17.5915
-26.988
-29.5185
-20.5
-29.5075
-24.997
-19.256
-20.36
-15.2115
-18.868
-29.723
-17.2125
-22.2465
-24.3975
-16.894
-18.2855
-12.8365
-17.5635
-19.205
-22.668
-22.784
-18.339
-9.2465
-11.989
-20.161
-2.185
-6.3075
-18.519
-12.9655
-15.487
-16.995
-3.171
0.606
-5.7555
-8.6435
-6.0345
4.1215
-10.2875
-10.5945
-12.6135
-8.083
-6.4245
-12.004
-9.458
-15.104
-13.466
-15.105
-9.221
-6.992
