-14.119
-26.5225
-13.5485
-9.1105
-19.5675
-21.1955
-19.472
-17.416
-13.3435
-15.112
-19.998
-20.2605
-24.0135
-16.0035
-19.814
-21.521
-20.9555
-20.1435
-5.7185
-15.8315
-22.4805
-13.8575
-17.669
-23.7975
-28.3805
-30.3295
-20.0565
-24.644
-29.1355
-20.476
-16.054
-21.3705
-10.3225
-23.4415
-20.0005
-29.7575
-14.4305
-19.7715
-17.561
-15.6875
-6.586
3.6975
0.6085
-6.638
-12.3815
-11.2235
-23.8955
-3.152
-15.0025
-2.268
-6.752
-1.061
-3.7505
-5.8365
-10.053
-9.6265
-18.0965
-16.2385
-12.8705
-21.7625
-22.9515
-7.2505
-19.5825
-13.8985
-12.4265
-10.6595
-3.3975
-8.1255
-15.182
-6.907
-12.4945
-8.394
-5.263
-18.04
-16.964
-16.678
-8.7805
-16.5855
-16.761
-15.12
-16.7435
-6.0665
-12.643
-10.2885
-2.675
-13.399
1.867
-3.3605
-6.356
-19.2795
-7.3205
-12.746
-10.4855
1.625
-4.4045
-9.9755
-7.504
-8.0255
-17.488
-0.7635
-10.518
