-15.9175
-15.2575
-36.1895
-29.6855
-37.12
-34.171
-26.255
-27.693
-25.759
-22.3045
-18.5375
-21.196
-23.701
-17.2905
-21.2245
-17.6845
-25.4645
-21.5465
-24.0525
-23.9615
-17.755
-21.902
-18.575
-9.2555
-27.2945
-25.0135
-26.5345
-27.724
-26.413
-24.771
-30.6155
-34.417
-20.538
-17.823
-20.657
-26.2885
-23.714
-21.165
-26.497
-17.9115
-26.8795
-21.682
-17.001
-17.4345
-17.1485
-25.6965
-17.3645
-22.6865
-19.63
-17.8725
-13.579
-16.3705
-21.2345
-21.503
-31.5395
-22.092
-23.093
-22.145
-16.1995
-27.3995
-25.0585
-22.549
-25.937
-26.2035
-33.743
-25.3315
-27.9065
-23.8335
-23.8825
-18.0245
-13.9775
-27.823
-29.193
-28.142
-31.858
-35.096
-29.26
-29.3725
-20.352
-29.516
-29.948
-27.3925
-33.216
-30.2505
-29.8885
-24.4175
-24.6795
-33.45
-27.4235
-24.7055
-25.396
-33.853
-31.852
-37.503
-37.3335
-38.4665
-38.5965
-31.1425
-20.896
-20.664
-21.871
