-21.4055
-24.735
-27.8165
-13.5625
-11.135
-27.684
-27.166
-13.7205
-21.6415
-25.8345
-22.9575
-18.5045
-4.773
-17.706
-19.065
-21.0995
-24.7075
-14.654
-19.3925
-29.02
-28.1535
-22.3145
-21.5195
-21.603
-19.423
-29.603
-19.9535
-22.074
-30.621
-27.5305
-22.049
-15.003
-23.104
-19.137
-17.6725
-20.402
-20.295
-12.8475
-17.592
-16.8325
-20.7075
-13.323
-16.5595
-10.891
-29.7185
-12.767
-15.8255
-25.651
-13.0815
-23.1755
-27.882
-29.1995
-9.1595
-17.3685
-22.9815
-24.875
-28.5905
-24.126
-28.1705
-29.629
-25.008
-20.1385
-35.7245
-28.703
-14.238
-20.896
-16.6525
-19.1115
-24.5025
-14.6115
-20.0895
-24.362
-11.965
-22.328
-17.7675
-18.674
-20.0475
-11.231
-18.8605
-15.6075
-12.355
-12.721
-22.692
-11.665
-19.132
-23.256
-21.403
-23.273
-17.69
-18.798
-31.2845
-21.8995
-19.762
-22.4225
-23.0375
-25.9145
-27.964
-26.08
-27.492
-18.59
-25.932
