-9.225
-4.5835
-1.067
-2.205
-9.991
-9.493
-2.843
-18.0475
-12.2445
-21.799
-13.1815
-17.8745
-8.646
-11.428
-12.555
-6.052
-2.869
-11.921
-15.786
-13.464
-10.2535
-2.8565
-7.89
-12.724
-18.0575
-11.536
-16.91
-18.32
-17.665
-20.68
-10.4985
-11.158
-9.0495
-20.121
-24.586
-14.197
-19.8555
-6.28
-7.052
-5.842
-6.782
-5.9
-9.096
-10.3655
-6.084
-8.428
-1.683
-5.404
-7.072
-15.965
-15.03
-16.1095
-23.9245
-9.079
-14.865
-17.53
-16.844
-15.5365
-17.931
-24.65
-26.6315
-20.561
-20.735
-20.924
-25.003
-25.42
-13.2
-11.62
-17.1625
-16.834
-10.777
-18.881
-19.274
-15.9195
-16.254
-20.081
-6.979
-3.46
-6.69
-5.064
-8.793
-15.84
-10.858
-14.304
-18.1735
-17.099
-20.447
-16.2395
-18.232
-18.8995
-26.595
-21.265
-15.5915
-16.777
-19.922
-25.687
-20.3065
-27.421
-21.3135
-21.7
-21.3905
