-10.6255
-14.273
-15.652
-3.556
-8.835
-13.5405
-11.968
-13.8525
-3.112
-9.366
-11.21
-11.701
-19.2845
-11.581
-12.822
-12.8
0.6245
11.613
-1.6105
9.543
6.9615
0.95
-4.0075
-0.77
1.9
2.846
5.6875
-2.931
-9.2875
-12.2655
-11.8285
-0.1735
-10.7235
-9.725
-6.9925
-17.1025
-3.442
-6.837
-0.8475
-7.474
1.491
-0.679
-6.768
2.536
-5.954
-9.836
-2.264
-3.068
-9.335
-12.336
-12.308
-1.2985
-11.56
-9.457
-0.73
-7.2835
-8.3595
-1.789
-16.099
-16.037
-5.477
-11.0395
3.523
-10.46
-0.5695
0.987
-6.36
-13.258
-9.6435
-9.508
-5.59
-9.809
-11.898
-11.6825
-12.08
-0.18
-1.388
-0.9055
-7.664
-9.41
-10.3615
-16.138
-10.503
-17.328
-16.775
-15.2495
-20.086
-15.137
-7.1045
-15.7555
-18.158
-8.596
-3.5955
-10.3525
-10.133
-7.7825
-5.8675
-5.109
-2.262
-10.339
-0.503
