-35.59
-36.994
-37.6145
-47.7205
-36.0425
-42.2885
-28.4235
-25.9495
-19.6065
-16.4945
-28.208
-31.9735
-34.1905
-43.306
-39.9285
-34.426
-34.2275
-31.1895
-43.3055
-50.711
-31.0155
-27.4205
-21.7085
-33.3615
-25.1735
-43.5535
-39.7705
-27.978
-30.199
-30.6845
-39.2405
-27.7585
-21.8665
-28.191
-22.761
-32.0575
-24.0385
-31.215
-28.114
-26.0965
-33.017
-38.8415
-30.4415
-27.3145
-25.1515
-27.4225
-30.927
-32.495
-30.8395
-32.5175
-38.5405
-33.9215
-22.6285
-29.874
-38.33
-35.8185
-39.6135
-29.5005
-37.8525
-31.402
-22.679
-33.413
-34.5825
-34.5585
-31.5295
-36.8715
-30.7465
-54.1795
-46.439
-36.6835
-36.7085
-35.6505
-43.479
-26.7045
-31.087
-34.2415
-40.3035
-35.236
-37.2565
-51.8985
-41.2205
-37.203
-43.7675
-41.6335
-36.1315
-31.7215
-32.1745
-38.0535
-35.983
-30.063
-48.9365
-32.812
-39.3185
-43.9605
-31.456
-27.9265
-40.2195
-33.7925
-34.34
-35.516
-45.7165
