-16.88
-16.957
-17.2725
-21.898
-18.8945
-12.9165
-19.395
-14.882
-17.887
-7.486
-17.611
-18.949
-23.451
-14.073
-15.863
-18.8455
-14.1145
-22.219
-22.4555
-16.661
-17.705
-28.97
-26.6675
-17.496
-15.5925
-19.155
-17.118
-17.756
-11.554
-4.062
-6.147
-11.699
-9.4945
-21.426
-19.1565
-15.101
-20.0185
-21.845
-15.6185
-18.563
-11.684
-10.779
-15.784
-10.9105
-10.244
-15.967
-15.5455
-11.813
-17.2875
-14.844
-20.2295
-17.274
-17.4735
-23.2
-18.352
-23.487
-16.3395
-14.3345
-9.3895
-7.737
-12.264
-12.2895
-8.8555
-6.5815
-10.6635
-9.1955
-11.3715
-9.756
-15.2925
-11.8235
-13.237
-16.27
-6.221
-15.5095
-12.6675
-0.6445
-9.072
-18.209
-15.1865
-17.086
-16.819
-17.401
-12.198
-19.2145
-12.39
-13.145
-14.547
-16.142
-20.258
-16.7905
-23.061
-21.2505
-21.384
-13.624
-25.3545
-10.728
-15.6305
-22.306
-20.076
-26.709
-33.119
