-36.9655
-34.2305
-46.3945
-52.5845
-49.259
-50.862
-34.1545
-49.5225
-46.708
-35.8835
-46.3145
-30.9595
-45.3205
-37.536
-50.0185
-47.042
-46.9405
-54.0835
-53.5385
-50.8635
-50.445
-57.786
-40.072
-39.2435
-44.42
-60.3215
-51.9415
-49.216
-51.046
-38.757
-43.4365
-39.414
-40.3445
-51.8365
-42.84
-53.218
-34.186
-31.693
-24.5445
-30.4435
-30.016
-27.7795
-31.9085
-34.451
-32.1865
-40.937
-41.373
-40.857
-32.862
-33.6695
-36.576
-29.3575
-33.6885
-40.8225
-35.422
-42.266
-39.7725
-35.2965
-47.778
-38.394
-42.9
-38.1025
-38.9305
-37.994
-35.581
-37.936
-25.4425
-35.7715
-29.0575
-29.3015
-43.531
-38.254
-47.4355
-42.6785
-34.424
-37.1315
-35.4655
-39.992
-33.6645
-36.6555
-36.6665
-36.062
-40.3745
-32.222
-32.486
-33.266
-46.5135
-44.1315
-42.1605
-42.58
-39.14
-36.439
-45.8105
-47.3685
-34.5985
-39.2005
-26.1445
-36.942
-36.0155
-35.317
-21.2145
