-5.3815
-15.7195
-3.935
-20.1655
-17.9085
-15.4605
-13.7695
-9.629
-12.1145
-10.289
-17.3865
-22.2
-4.107
-16.1025
-24.2025
-15.2975
-22.7785
-13.645
-11.4435
-9.412
-3.674
-18.156
-16.2985
-8.6755
-9.951
-9.1895
-5.1785
-9.0345
-11.7165
-7.6695
-10.1725
-15.8985
-6.298
-8.5765
-2.8995
-8.4205
-1.838
-5.009
-8.3585
-10.1225
-7.253
-5.3935
-18.549
-15.6945
-11.045
-14.283
-16.313
-6.1095
-13.1885
-1.0335
-4.3935
9.993
-2.071
1.6375
-4.803
-13.28
-12.342
3.8125
-7.105
0.321
7.1365
-0.618
-9.487
1.2045
1.655
-5.783
4.583
0.624
4.6165
6.592
-1.218
5.729
-6.776
-4.3745
2.684
-13.4445
-19.952
-11.428
-23.439
-5.874
-6.2575
-16.2765
-4.2195
-7.4155
-11.9745
-19.8535
-10.957
-18.965
-8.3995
-6.4385
-1.4115
-7.112
-3.772
-2.3125
-20.5905
-4.2195
-6.045
1.925
-7.066
-11.6495
-23.145
