    -4.69248                0
    -4.50095                0
    -4.30942                0
    -4.11789                0
    -3.92636                0
    -3.73483       2.2782e-06
     -3.5433      0.000503453
    -3.35177        0.0125186
    -3.16024         0.226818
    -2.96871          2.45053
    -2.77718           16.828
    -2.58565          79.3484
    -2.39412          256.582
    -2.20259          556.161
    -2.01106          833.494
    -1.81953          980.508
      -1.628          1017.61
    -1.43647          978.458
    -1.24494           917.81
    -1.05341           882.86
   -0.861884          869.006
   -0.670354          852.775
   -0.478824          820.664
   -0.287295          762.808
  -0.0957649          699.665
   0.0957649          698.618
    0.287295          761.944
    0.478824          820.545
    0.670354          852.774
    0.861884          870.487
     1.05341          889.369
     1.24494          929.893
     1.43647          981.435
       1.628          1006.86
     1.81953          956.637
     2.01106          810.574
     2.20259          547.594
     2.39412          269.794
     2.58565          93.3667
     2.77718          23.6019
     2.96871          4.58917
     3.16024         0.638489
     3.35177         0.048354
      3.5433       0.00196332
     3.73483      8.42708e-05
     3.92636      2.28993e-06
     4.11789                0
     4.30942                0
     4.50095                0
     4.69248                0
