    -4.73145                0
    -4.53833                0
    -4.34521                0
    -4.15209                0
    -3.95897                0
    -3.76585                0
    -3.57273      0.000369626
    -3.37961        0.0105098
    -3.18649         0.186012
    -2.99337          1.99767
    -2.80025          14.4639
    -2.60712          71.9647
      -2.414          244.625
    -2.22088           549.56
    -2.02776          838.192
    -1.83464          986.171
    -1.64152          1024.65
     -1.4484           985.12
    -1.25528          919.036
    -1.06216          883.395
   -0.869042          870.168
   -0.675921          854.592
   -0.482801           822.98
   -0.289681          762.768
  -0.0965602          694.125
   0.0965602           693.68
    0.289681          762.972
    0.482801           823.13
    0.675921          854.885
    0.869042          871.903
     1.06216          886.764
     1.25528          925.425
      1.4484          993.081
     1.64152          1031.46
     1.83464          971.961
     2.02776          816.124
     2.22088          546.591
       2.414          249.898
     2.60712          78.4273
     2.80025          16.7134
     2.99337          2.33767
     3.18649         0.198365
     3.37961       0.00652067
     3.57273      2.05341e-05
     3.76585                0
     3.95897                0
     4.15209                0
     4.34521                0
     4.53833                0
     4.73145                0
