-17.4015
-22.455
-16.46
50.339
-3.2935
-21.5925
2.3605
-0.5385
-10.719
20.2265
-27.9245
36.065
-28.663
-30.8085
-18.667
-18.3435
-24.092
15.0385
14.152
-25.9845
-28.8495
-31.186
-6.3255
-32.1315
-21.922
-16.151
-7.719
-23.2765
-26.117
-29.997
-22.815
-27.551
-22.2565
-13.233
-15.3
-18.6945
-24.194
-30.423
-21.8575
-27.598
-16.569
-29.036
-27.6815
-25.6315
-23.706
-27.2965
-19.2495
-25.768
-27.258
-24.3785
-23.345
-25.062
-30.446
-23.262
-31.6745
-25.2375
-30.2845
-23.06
-25.244
-26.472
-13.89
-23.6145
-24.7685
-14.459
-31.4415
-30.1475
-22.2295
0.7155
-21.487
-22.925
-16.149
-24.236
-23.8375
-22.629
-24.4065
-32.129
-27.1135
-28.492
-31.136
-17.6505
-29.802
-26.03
-4.2
-15.631
-20.514
-29.626
-30.1415
-23.384
-23.104
-25.522
-23.697
-26.942
-21.8275
-20.328
-15.063
9.018
-27.478
-18.53
-15.3065
-26.041
-18.1515
