-11.159
-9.2425
-15.4375
-20.329
-13.5985
-22.4985
-23.1565
-29.3165
-25.878
-17.588
-21.014
-10.0875
-16.547
-23.966
-14.559
-21.692
-22.637
-15.905
-13.263
-10.398
-16.227
-16.152
-9.975
-23.422
-18.451
-14.7155
-19.762
-16.3545
-4.046
-3.924
-15.93
-8.83
-13.471
-8.832
-9.68
-18.702
-10.82
-5.275
-6.5505
-7.793
-7.82
-7.384
-5.976
1.4685
-9.417
-10.711
-4.686
-3.851
-2.314
-4.991
-14.932
-15.469
-11.483
-7.424
-2.257
-9.058
-4.4575
-5.136
-3.688
-2.182
1.34
-7.222
-9.765
1.995
-4.188
-16.714
-13.064
-7.573
-9.563
-9.781
-3.749
-10.675
-12.69
-14.731
-9.388
-8.654
-8.176
-11.467
-8.367
-12.737
-9.393
-11.699
-8.903
-18.035
-14.157
-12.122
-5.8925
-13.225
-11.672
-9.262
-8.263
-20.4565
-15.553
-12.739
-11.573
-3.16
-7.11
-3.111
-5.138
-10.663
-8.084
