-18.3735
-23.1475
-24.1655
-33.6495
-26.113
-28.4605
-18.5915
-18.531
-29.2545
-15.081
-29.2985
-14.0205
-13.6805
-16.3255
-29.4445
-26.3605
-13.3685
-18.6585
-24.796
-25.6345
-18.01
-10.66
-10.739
-23.619
-25.2535
-13.867
-16.764
-28.193
-19.0365
-23.6275
-16.0535
-5.2955
-20.3935
-24.2865
-20.1775
-25.7035
-11.0155
-16.366
-19.638
-23.5555
-10.709
-20.6495
6.1455
-26.8735
-0.534
-31.8705
-38.962
-18.4465
-4.5125
-6.2975
-33.1485
-26.898
5.4865
9.129
-37.3695
-38.823
-2.3655
15.803
8.8765
-46.8205
-37.128
-40.454
-40.1785
-39.569
-40.1225
-41.926
5.1245
-30.0395
14.819
-35.4085
-25.5775
-39.411
-30.71
-42.486
-41.779
-47.6145
-50.108
-29.039
-30.8
-9.306
-37.1665
-12.3825
-52.2635
-23.0195
-42.266
-29.6225
-34.108
-23.5595
-36.9
-29.5365
-9.24
-15.8725
-38.229
-29.627
-3.54
-10.88
-34.046
-14.1165
-30.3005
4.3565
15.122
