-15.2685
-5.7535
-16.14
-10.859
-8.1635
0.4115
-5.644
-8.298
-2.7365
-9.672
-19.905
-21.204
-14.7855
-8.6195
-1.2525
-12.5455
-2.4915
-10.579
-5.7485
-3.1565
-2.3495
-3.6755
0.854
-4.6125
-3.105
-8.375
-10.314
-3.9035
-10.686
-3.38
-12.103
-9.101
-16.645
-2.0755
-6.0185
-12.403
-11.39
-8.612
-17.5595
-22.1
-15.029
-17.751
-11.874
-9.6705
-12.9015
-15.125
-12.0745
-22.1405
-18.3605
-8.8345
-16.143
-11.845
-18.5985
-26.895
-25.9345
-29.7585
-25.1325
-37.6975
-19.215
-16.929
-16.017
-21.8605
-15.5845
-16.0995
-16.578
-16.981
-6.877
-24.0235
-5.8885
-13.1985
-8.8575
-16.9415
-24.27
-14.516
-14.9845
-22.4595
-20.434
-29.157
-25.675
-11.6685
-10.9905
-10.265
-2.6775
-12.6975
-12.79
-12.195
-5.793
2.273
-14.9065
-22.2245
-21.6025
-9.174
-11.761
-19.289
-18.5105
-16.7095
-14.69
-10.6565
-10.1165
-14.142
-13.866
