-14.794
-23.989
-17.93
-16.245
-8.06
-13.0625
-13.287
-11.361
-13.1595
-11.263
-13.316
-8.992
-12.16
-11.297
-15.2215
-6.4155
-7.647
-12.108
-5.889
-18.305
-17.0185
-11.5715
-14.5285
-8.454
-8.165
-15.38
-22.4095
-15.1895
-13.63
-17.7095
-22.938
-18.7335
-21.842
-30.9
-21.5605
-19.4405
-24.629
-14.2405
-22.6905
-17.541
-23.0015
-22.439
-19.8105
-10.711
-21.742
-18.969
-15.6745
-16.265
-12.487
-14.7295
-19.395
-19.5985
-9.4745
-17.0635
-13.5895
-21.598
-15.233
-12.587
-4.9575
-12.2355
-18.477
-12.6805
-23.2325
-10.262
-14.962
-20.2875
-30.4615
-16.9735
-23.2365
-18.918
-21.8785
-14.893
-23.9395
-18.3035
-26.1915
-34.978
-30.5575
-31.4425
-27.651
-23.8175
-31.8865
-25.614
-24.5655
-21.7995
-26.119
-29.122
-19.963
-22.569
-25.1575
-22.38
-28.8365
-21.093
-20.953
-15.6295
-21.054
-16.437
-15.054
-18.615
-19.6165
-16.289
-16.8245
