-10.246
-8.017
-12.092
-20.699
-2.215
-10.455
-28.2935
-18.1455
-13.567
-11.842
-2.4595
-13.046
-20.1705
-22.6915
-23.6935
-14.6345
-18.909
-13.8405
-17.687
-9.8635
-18.698
-15.259
-12.3405
-12.674
-14.236
1.1965
-12.614
-13.673
-10.4075
-7.749
-15.566
-8.545
-6.1695
-22.7565
-21.8985
-10.994
-10.1185
-6.981
-3.7155
-3.398
-15.874
-11.7475
-15.488
-16.7735
-10.117
-5.0895
-7.1255
-15.379
-10.372
-10.492
-14.363
-20.3095
-21.1475
-26.095
-6.6655
-13.82
-3.048
-14.323
-1.379
-7.2285
-22.354
-10.713
-13.4435
-23.641
-16.841
-20.057
-9.141
-8.395
-13.5535
-17.801
-9.571
-7.888
-20.095
-20.425
-17.109
-14.522
-14.661
-24.509
-20.125
-13.683
-14.7395
-6.861
-11.391
-21.165
-9.9425
-22.4475
-19.161
-16.07
-21.896
-10.67
-12.756
-16.7355
-27.1875
-21.186
-9.801
-18.432
-22.9205
-21.342
-11.1185
-13.348
-16.6985
