-26.853
-33.3115
-35.5805
-40.065
-24.4135
-29.28
-29.209
-33.354
-36.2625
-37.995
-33.791
-36.197
-32.4295
-32.4265
-33.9195
-32.745
-25.43
-34.9745
-25.385
-29.8305
-31.1685
-23.783
-38.1865
-26.0925
-27.0075
-25.8415
-25.5745
-27.101
-30.4725
-33.0375
-32.695
-29.0895
-27.433
-27.233
-28.78
-23.8
-32.482
-24.608
-31.0375
-26.903
-31.191
-28.473
-29.9795
-29.0645
-26.375
-34.573
-17.882
-21.405
-23.552
-17.3545
-26.5915
-21.03
-21.4355
-26.561
-29.33
-21.1205
-24.7665
-37.514
-23.848
-27.1205
-25.382
-26.3255
-28.1125
-35.5355
-30.2395
-24.7185
-25.8255
-29.9735
-32.223
-28.8665
-29.6045
-37.562
-27.001
-27.616
-29.5605
-31.246
-37.206
-36.105
-25.224
-25.7395
-39.9225
-31.467
-26.852
-35.256
-25.042
-24.1815
-39.2255
-32.5655
-25.514
-24.3735
-34.451
-43.5455
-35.819
-36.4815
-42.0795
-37.91
-40.545
-39.7125
-31.91
-22.5585
-22.6975
