-19.0195
-13.1315
-11.692
-19.3465
-17.64
-5.392
-19.07
-12.1105
-14.028
-18.019
-18.614
-15.3815
-19.65
-13.953
-12.237
-19.922
-22.888
-21.07
-17.016
-14.616
-8.988
-11.982
-13.5345
-11.647
-20.477
-14.3555
-18.3275
-17.79
-15.125
-13.719
-15.212
-12.77
-8.752
-10.012
-16.079
-20.89
-14.885
-9.451
-16.286
-18.5875
-13.769
-18.367
-6.766
-10.353
-11.392
-8.7395
-11.5475
-7.751
-16.433
-16.042
-7.101
-8.121
-10.134
-13.4025
-14.8915
-6.901
-1.354
-14.417
-10.719
-7.481
-16.271
-17.908
-12.489
-17.5465
-7.7645
-19.1425
-12.4385
-13.214
-10.7075
-7.279
-17.51
-14.75
-17.06
-14.3435
-15.5405
-17.833
-14.4855
-13.582
-17.789
-12.815
-12.6585
-18.058
-16.204
-14.1945
-13.969
-24.157
-9.353
-18.4175
-19.689
-15.2075
-18.624
-12.287
-17.599
-19.6485
-18.356
-11.786
-20.818
-21.022
-17.3225
-18.318
-16.211
