-28.852
-17.2645
-13.4625
-20.24
-32.598
-36.993
-37.549
-38.904
-33.851
-32.2505
-30.162
-26.4235
-38.9595
-46.6025
-35.35
-27.487
-33.225
-26.6725
-37.8655
-33.0925
-18.4745
11.6005
37.7595
-22.9065
-14.3115
-18.0545
-18.89
-10.3585
-26.334
-17.6035
-11.485
-30.061
19.6435
-23.1195
-30.1335
1.557
-21.456
29.9965
1.2785
-32.5265
-31.8665
-1.9105
-20.414
-20.0635
-19.0815
-26.6185
-14.65
-37.2685
-31.1415
-20.8495
-22.092
-31.757
1.11
-23.8865
-16.7435
-19.4315
-21.7245
-22.412
-14.912
-20.85
-28.4505
-21.344
-23.4145
-21.5115
-27.9125
-17.9455
-21.68
-20.455
-25.805
-12.1855
-20.071
-30.0655
-21.673
-27.3945
-20.3455
-25.1065
-25.402
-27.3485
-22.1995
-19.1835
-19.721
-18.096
-14.9005
-30.7505
-23.7385
-22.079
-14.2725
-25.1385
-17.5135
-23.755
-26.5245
-25.7545
-11.6305
-7.1415
-23.9155
-32.1305
-27.069
-26.592
-20.0925
-21.3485
-26.0115
