-22.1035
-35.86
-20.453
-23.1975
-22.3335
-22.0325
-13.763
-16.409
-2.919
-18.9885
-6.383
-16.508
-13.5175
-9.906
-20.952
-25.567
-22.2615
-29.655
-22.3175
-17.8985
-3.888
-0.187
-2.741
-21.9735
-15.1405
-15.81
-19.3155
-17.8
-16.483
-20.344
-14.7225
-18.0675
-9.0715
-15.7755
-15.6675
-15.5125
-16.1485
-31.0385
-30.1365
-28.955
-15.3665
6.104
-21.037
-24.708
-24.1135
-31.1095
-24.5265
-22.2545
-17.5645
-5.8835
-14.0515
-23.691
-20.468
-14.98
-20.6665
-6.848
-16.3875
-15.8835
-22.5885
-24.749
-26.2355
-20.8775
-25.365
-18.4905
-22.676
-24.58
-25.763
-18.2565
-16.65
-12.461
9.7715
-18.4885
-13.726
-2.2875
-15.024
-13.6855
-11.613
-19.7615
-9.411
-16.5715
-12.4505
-15.362
-18.163
-20.213
-16.507
-14.6515
-6.893
-12.358
39.085
-13.0535
-17.947
-19.787
-17.0255
-21.763
-20.853
-24.0265
-24.097
-16.257
8.9075
-18.0085
-28.7345
