-24.1115
-23.664
-22.957
-21.76
-27.495
-27.935
-17.7635
-11.2565
-16.3955
-20.281
-16.217
-14.843
-20.314
-11.6725
-16.697
-16.7875
-22.3155
-8.3135
-24.409
-25.245
-24.601
-19.7575
-26.0485
-19.2795
-21.846
-12.999
-12.268
-25.523
-15.26
-18.4065
-20.1505
-18.516
-18.8025
-22.896
-18.274
-18.7505
-15.786
-17.4405
-21.6085
-20.927
-28.6515
-17.788
-20.936
-25.24
-25.655
-9.8565
-19.733
-16.8625
-19.148
-19.047
-19.879
-28.314
-23.373
-25.53
-23.826
-22.726
-21.229
-26.0845
-26.607
-27.887
-21.745
-14.754
-22.31
-20.985
-27.0065
-19.3215
-24.162
-27.123
-22.01
-26.4435
-24.2525
-22.8315
-22.64
-26.1565
-25.1975
-23.6995
-14.8085
-17.606
-21.682
-22.654
-11.658
-21.2685
-17.645
-19.964
-16.634
-18.62
-22.6725
-15.215
-9.5655
-21.4275
-31.7545
-28.31
-29.41
-24.388
-20.842
-16.694
-24.4565
-21.721
-18.4965
-26.603
-18.928
