-15.9635
-7.0835
4.531
-10.086
-6.5125
-3.6385
-12.8395
-17.111
-9.674
-11.8105
-24.1325
-19.8795
-7.723
-7.4485
-9.598
-5.5975
-9.467
-15.0535
-13.4615
-18.0365
-23.786
-15.921
-20.871
-17.5195
-15.085
-20.507
-20.13
-17.9495
-6.7865
-15.3755
-20.838
-27.2355
-18.229
-14.7065
-11.246
-15.3755
-8.5995
-17.3725
-13.358
-17.667
-14.3465
-18.379
-13.652
-10.987
-1.192
4.889
0.672
1.8345
-1.3625
-1.483
7.552
4.18
-5.435
-10.583
-3.5795
-2.976
-2.21
-9.2835
-6.778
-6.4485
5.5115
-3.865
-7.312
-3.1875
-5.6855
-5.042
0.1885
-0.942
-7.7775
-6.139
-4.683
-8.673
-5.9955
-1.7605
-9.2725
-24.4115
-14.4625
-3.8835
-7.4665
2.658
-14.2675
-18.6305
-10.1295
-10.683
-9.718
-14.956
-17.9785
-19.235
-13.902
-14.41
-12.287
4.793
-19.5045
-19.3505
-21.433
-13.801
-4.463
-9.8575
0.812
-2.832
-15.776
