-4.083
-9.9525
-16.001
-15.8965
-15.7835
-13.678
-10.714
-7.396
-22.492
-18.0485
-13.515
-15.406
-17.638
-16.5695
-21.016
-19.905
-23.4195
-21.8125
-15.3275
-17.199
-20.3995
-26.8335
-26.4895
-21.188
-19.2315
-26.255
-17.745
-17.53
-11.8015
-15.2715
-9.8605
-21.716
-27.31
-16.3825
-14.873
-19.447
-26.3195
-11.168
-26.7775
-18.0815
-20.6005
-21.6085
-22.819
-23.844
-27.785
-26.329
-17.3645
-28.517
-20.73
-17.4355
-18.2705
-24.069
-21.2265
-10.1085
-9.4525
-27.6755
-12.1195
-14.4195
-17.918
-19.7935
-6.619
-10.754
-13.11
-15.3315
-27.1395
-20.595
-12.847
-14.199
-20.5225
-9.452
-17.422
-6.9865
-3.196
-9.2065
-13.071
-21.083
-17.664
-9.3375
-2.858
0.034
-10.2085
-7.669
-13.1075
-18.111
-14.459
-14.9565
-18.4365
-18.461
-9.065
-7.191
-18.692
-13.892
-9.4145
1.484
-12.877
-22.6845
-15.751
-10.146
-14.4395
-16.2895
-3.602
