-17.0935
-13.899
-16.0205
-14.0335
-18.2095
-19.292
-22.5015
-14.56
-15.851
-13.5095
-21.29
-17.9465
-23.0905
-21.157
-15.106
-21.428
-20.73
-18.885
-18.3465
-10.389
-13.813
-12.0755
-4.59
-12.5945
-12.3725
-16.468
-12.439
-14.219
-19.3685
-21.6055
-9.747
-13.305
-16.244
-16.2245
-9.113
-12.772
-4.4615
-8.808
-13.599
-17.454
-14.1735
-11.935
-10.688
-11.381
-20.269
-18.3005
-7.719
-6.105
-18.6845
-11.14
-8.187
-18.267
-12.423
-18.648
-14.816
-11.507
-19.238
-15.34
-15.6075
-20.5165
-14.7515
-12.1625
-21.732
-14.389
-20.219
-3.2085
-14.249
-15.6855
-14.957
-12.4215
-7.6455
-19.278
-16.5225
-5.6105
-10.7435
-14.039
-8.614
1.9215
-9.613
-10.66
-6.4265
-0.24
-10.794
-11.9225
-9.228
-8.523
-12.019
-15.492
-7.687
-0.3595
-11.304
0.8875
-14.426
-8.75
-3.6715
-8.394
-5.08
-11.676
-8.287
-7.444
-1.8495
