-30.0645
-36.351
-41.384
-42.3505
-34.616
-37.407
-32.0995
-37.1015
-42.7215
-43.579
-27.8615
-35.044
-25.1725
-30.4225
-37.194
-27.1585
-30.3155
-27.9455
-32.602
-32.2735
-41.4995
-41.1915
-49.0755
-37.225
-45.0045
-29.8205
-30.8115
-34.7885
-34.028
-33.73
-18.1935
-30.178
-37.6175
-32.806
-35.277
-33.1715
-28.8595
-34.0275
-37.248
-25.378
-41.344
-27.589
-32.403
-33.75
-31.7425
-26.8855
-25.8615
-29.8245
-24.79
-25.0925
-18.3435
-34.397
-32.9115
-32.8025
-28.9485
-26.064
-29.7175
-22.245
-21.935
-28.1985
-24.402
-27.4015
-24.0625
-21.085
-25.886
-16.913
-33.9245
-25.9335
-22.5965
-23.818
-28.1545
-25.1365
-24.3655
-21.775
-17.2975
-14.807
-25.648
-13.337
-27.509
-33.456
-35.574
-34.344
-25.3395
-27.233
-24.1465
-28.8335
-26.1
-29.6215
-38.0005
-35.1095
-28.141
-41.2325
-37.964
-33.9665
-34.671
-36.068
-33.3445
-23.6885
-42.522
-31.0775
-34.494
