-24.9135
-15.258
-15.785
-23.855
-17.9915
-16.774
-19.4285
-21.1755
-20.246
-24.515
-19.8035
-16.028
-12.2155
-22.3815
-25.8285
-15.415
-27.1835
-28.0765
-18.8785
-17.4945
-21.3715
-15.1835
-20.5035
-21.8985
-25.1885
-14.2535
-13.961
-11.246
-12.4195
-8.5685
-5.9005
-22.7815
-17.2085
-22.919
-11.743
-11.213
-13.5185
-18.342
-14.947
-22.7935
-10.2975
-10.128
-32.5815
-14.7345
-18.7415
-13.6935
-20.645
-19.9295
-27.7055
-26.807
-14.5505
-7.2885
-20.55
-12.411
-22.9075
-28.0545
-20.2395
-16.878
-18.1145
-18.0645
-21.1725
-35.371
-12.88
-31.638
-16.7765
-28.4195
-12.2495
-8.3235
-19.6695
-37.2935
-36.687
-32.316
-24.791
-26.3795
-29.9
-33.3595
-34.228
-23.9955
-31.9045
-33.5835
-33.0705
-23.0845
-10.5305
-18.7355
-16.3075
-10.747
-20.0325
-18.417
-18.758
-15.1755
-21.469
-25.2785
-20.7515
-29.3295
-16.6525
-14.9365
-23.156
-17.9235
-16.8735
-24.222
-17.84
