    -4.60144                0
    -4.41363                0
    -4.22581                0
      -4.038                0
    -3.85019                0
    -3.66237                0
    -3.47456      0.000673399
    -3.28675        0.0242125
    -3.09893         0.331954
    -2.91112          3.19282
     -2.7233          20.1712
    -2.53549          89.5621
    -2.34767          272.641
    -2.15986          560.653
    -1.97205           825.13
    -1.78423          968.111
    -1.59642          1001.86
     -1.4086          969.279
    -1.22079          916.253
    -1.03298          881.941
   -0.845163          866.341
   -0.657349          849.068
   -0.469535          817.949
   -0.281721          763.024
   -0.093907          706.117
    0.093907          705.841
    0.281721          762.586
    0.469535          818.497
    0.657349          851.775
    0.845163          871.961
     1.03298          891.711
     1.22079          919.819
      1.4086          966.042
     1.59642          983.607
     1.78423          929.917
     1.97205           789.16
     2.15986          565.069
     2.34767          298.143
     2.53549          109.487
      2.7233          28.0797
     2.91112          4.98409
     3.09893         0.545021
     3.28675        0.0296278
     3.47456      0.000828031
     3.66237                0
     3.85019                0
       4.038                0
     4.22581                0
     4.41363                0
     4.60144                0
