-35.8735
-33.514
-33.254
-30.431
-31.771
-30.947
-31.254
-24.8625
-27.3125
-25.343
-27.1815
-20.076
-22.7565
-24.495
-19.2125
-29.0795
-23.735
-22.394
-22.2325
-24.7845
-27.7195
-33.1615
-20.125
-18.0595
-33.1905
-35.8695
-40.03
-32.9395
-31.0755
-35.782
-32.4645
-36.2745
-34.179
-35.2335
-30.337
-28.6815
-35.531
-35.037
-29.7005
-33.7385
-35.0685
-22.678
-33.262
-24.8485
-27.096
-22.414
-26.2725
-17.2565
-26.722
-15.3425
-17.721
-17.3885
-31.55
-25.325
-33.7095
-30.7705
-24.8355
-29.8875
-28.8305
-27.8185
-32.4555
-26.0175
-31.2695
-33.262
-25.574
-22.0315
-27.512
-25.742
-26.315
-36.1225
-26.0435
-39.35
-23.9295
-30.2535
-31.884
-28.931
-34.621
-31.5715
-32.247
-30.9235
-36.4125
-23.752
-27.2355
-24.7995
-26.5565
-18.6255
-30.0165
-35.8825
-29.438
-32.235
-29.3035
-39.1065
-29.8885
-22.405
-29.2955
-28.488
-33.999
-21.4015
-24.2225
-35.807
-26.833
