-25.9305
-27.2565
-29.1205
-22.265
-24.7755
-18.017
-22.5435
-18.1575
-29.454
-28.5545
-13.494
-9.8725
-17.136
-37.667
-12.4
-10.1565
-12.53
-17.0245
-16.116
-12.0155
-15.251
-3.6615
-14.271
-14.72
1.506
16.515
-12.57
0.242
-12.6135
-16.55
-7.4715
-9.9665
-8.022
28.7445
-20.0235
-8.9735
-16.9075
-14.2435
-8.4685
-15.533
-14.277
-6.4885
-15.4565
-20.4575
3.565
-8.8135
66.5485
-10.4755
-22.1285
-12.4855
-7.1865
-7.8465
-5.1025
-5.025
-13.4815
14.783
13.004
-16.6165
18.1735
-3.853
1.498
28.663
-9.8235
-9.5335
-0.851
-15.659
15.559
22.9825
16.214
12.445
-4.4355
17.0995
-0.0465
14.2435
-8.572
10.5105
1.536
-3.7315
-10.6565
-10.2295
-10.644
-12.175
-3.4585
2.3245
3.179
-2.093
-6.697
-5.863
-11.7585
-14.125
-12.8995
-8.5795
-9.9475
-11.752
-17.4365
-5.5695
-11.732
-14.1415
5.034
-7.4
-12.5315
