-26.2195
-26.0605
-33.976
-29.1585
-24.243
-29.092
-23.0675
-21.2485
-31.11
-24.761
-22.552
-28.424
-21.1835
-20.5135
-21.443
-26.0205
-27.774
-21.01
-23.0995
-20.235
-15.6805
-27.641
-19.08
-23.17
-26.7135
-23.0595
-20.834
-22.0155
-23.2735
-17.645
-20.992
-20.2695
-19.287
-19.0075
-17.971
-20.0595
-18.209
-18.545
-23.038
-32.999
-28.2325
-17.883
-16.846
-21.8955
-14.564
-21.098
-20.305
-24.8355
-17.506
-14.808
-19.1965
-23.057
-26.9945
-24.63
-18.4225
-25.6235
-26.456
-17.201
-21.784
-19.051
-16.253
-22.175
-27.394
-18.9285
-18.1995
-16.2495
-22.3025
-22.677
-26.587
-23.1505
-25.217
-16.074
-22.3735
-20.209
-20.9995
-32.147
-21.491
-25.4985
-19.459
-20.796
-20.318
-20.9455
-14.1645
-28.7005
-26.9165
-27.575
-19.3045
-22.075
-29.528
-30.555
-30.7255
-22.3735
-20.436
-24.204
-19.449
-25.886
-26.022
-27.574
-27.5445
-30.21
-31.278
