-11.655
4.6545
8.161
-13.123
21.405
49.2995
-6.3935
-14.2385
-4.3315
21.7745
40.905
19.908
-20.387
-8.8495
-16.9895
19.877
-6.9415
-8.153
-4.9905
-5.8935
-7.424
-16.8375
-7.298
-7.1955
-7.7975
20.6925
11.0895
20.258
-15.8295
-17.363
-16.049
-19.6235
-22.124
-9.897
39.198
4.7595
54.8665
-24.521
46.913
-12.56
-20.6305
-19.773
-14.113
-15.564
-19.54
3.261
30.6655
-25.304
31.646
-14.0685
15.9675
-4.375
-22.7695
-21.5725
4.753
-12.213
-16.9715
18.8035
26.252
24.786
16.1595
13.6485
-12.35
4.481
-32.7605
-16.701
-12.322
18.786
29.496
-14.774
9.843
-20.159
-25.1005
23.234
29.18
-12.961
-14.571
-20.766
13.29
-2.211
-28.797
-21.275
34.292
3.5345
-26.197
0.808
-8.0625
-19.3835
-18.927
-18.048
-15.6435
7.5745
-20.697
-22.1695
-14.867
-9.186
-11.387
-11.09
-4.75
-2.513
-14.382
