30.3005
22.9645
22.3975
-11.178
19.8375
9.4295
-13.129
-4.5355
23.6225
-0.055
2.5035
-22.449
-13.2805
4.932
-4.5645
13.182
-12.6715
-14.581
10.537
-13.176
-14.788
0.2705
42.612
10.916
-3.744
-8.7965
33.576
-12.9405
20.351
-3.634
41.8545
-5.385
52.1045
-2.99
14.907
-7.454
-17.31
-5.685
-3.078
-10.624
-17.23
-4.187
0.755
27.615
-5.3015
31.233
18.788
46.3215
2.3445
27.2865
8.5735
21.044
43.655
-15.254
16.326
-11.008
16.136
17.1175
-17.065
-17.736
-20.2245
-5.02
-24.261
-14.447
-18.374
-12.911
-19.0075
-11.178
-2.7455
-6.207
17.7325
-9.8335
8.856
-11.6285
-3.623
7.611
-14.076
-18.1175
-17.131
-14.082
-18.8525
-23.1805
-20.833
-15.153
-23.69
-18.4865
-1.888
-18.9935
-11.004
-14.532
-8.513
-15.313
-0.772
-6.212
-3.1785
2.5155
-5.3095
12.658
-2.276
31.2685
31.648
