-16.384
-12.67
-9.3145
-14.6125
-25.6625
-25.2715
-10.8645
-19.99
-21.087
-17.758
-23.9075
-25.4015
-27.0295
-33.1935
-21.0985
-21.889
-25.396
-17.0745
-21.583
-26.023
-21.78
-24.2555
-26.264
-12.729
-23.763
-33.3505
-24.66
-23.529
-12.7165
-17.8315
-26.332
-11.7985
-6.1055
-16.5575
-15.818
-11.7675
-23.924
-27.1165
-22.6595
-35.523
-26.648
-32.2365
-26.6085
-27.1615
-27.057
-33.204
-24.2565
-18.7995
-25.693
-22.763
-24.8185
-13.07
-15.678
-23.8335
-17.8725
-17.039
-22.382
-30.4665
-21.7485
-25.0325
-31.6655
-20.8395
-21.9665
-36.665
-28.5045
-28.381
-30.263
-23.1595
-21.0005
-23.4055
-32.0485
-29.145
-26.174
-17.4015
-19.389
-11.152
-21.1245
-15.096
-14.5105
-9.0215
-25.1245
-15.137
-9.8315
-7.0215
-18.4845
-15.5365
-17.2405
-22.575
-4.407
-6.5625
-9.105
-10.702
-3.69
-20.9455
-12.5025
-5.467
-10.271
-13.1755
0.5105
-7.893
-8.028
