-0.167
-0.206
-0.195
-0.218
-0.178
-0.211
-0.2
-0.244
-0.2035
-0.283
-0.312
-0.631
-0.791
-1.1095
-0.386
-1.4115
-2.514
-0.802
-2.548
-5.672
-6.8975
-5.258
-2.938
-6.311
-8.7885
-6.186
-13.614
-4.803
-8.4645
-8.259
-1.846
-1.203
-8.886
-5.758
-9.169
-10.542
-14.206
-17.0225
-13.719
-13.1385
-10.565
-9.846
-9.23
-5.363
-8.297
-7.91
-8.03
-6.919
-3.073
-9.081
-7.797
-10.602
-10.008
-4.774
-4.304
-9.202
-5.743
-6.386
-7.234
-8.993
-14.81
-14.593
-18.794
-13.6075
-13.5345
-17.3525
-27.239
-14.7555
-17.652
-15.353
-22.2585
-15.747
-22.8735
-9.6925
-17.7535
-29.421
-28.776
-29.082
-23.836
-23.091
-35.348
-13.802
-19.906
-28.539
-11.5195
-18.312
-28.2575
-11.9665
-19.8315
-29.7605
-20.2725
-16.922
-24.237
-20.3815
-16.061
-15.669
-8.1525
-9.5645
-15.2045
-12.079
-13.4575
