-22.9195
-14.381
-18.813
-11.5865
-27.6285
-22.6535
-20.34
-13.3385
-19.4875
-25.968
-21.1255
-16.953
-10.9125
-19.9315
-13.5665
-17.15
-22.2045
-13.0575
-18.0025
-14.424
-15.5355
-21.651
-21.3995
-24.541
-16.2405
-10.611
-16.173
-12.0355
-21.839
-18.077
-23.972
-23.3465
-14.987
-10.1905
-16.2675
-15.09
-11.2965
-13.4885
-11.6855
-9.0865
-14.089
-16.9555
-14.1405
-27.136
-20.648
-21.4725
-24.4895
-37.0835
-17.911
-35.331
-40.692
-36.7695
-32.3735
-25.6985
-26.583
-26.521
-23.618
-21.53
-27.523
-15.751
-21.627
-30.8205
-32.2615
-35.9755
-32.9145
-31.9025
-29.9945
1.781
-25.197
-46.2375
-35.422
-37.0795
-27.954
-0.9495
1.552
-18.489
-29.8015
-4.3235
-20.0405
-16.068
-28.388
-27.8365
-24.444
-29.4265
-28.064
-28.1335
-29.8565
-25.993
-30.269
-33.807
-39.7595
-39.941
-36.4325
-27.1155
-30.9765
-16.932
-25.4865
-27.3315
-23.356
-29.8755
-23.6565
