    -4.76086                0
    -4.56654                0
    -4.37221                0
    -4.17789                0
    -3.98357                0
    -3.78925                0
    -3.59493      0.000410794
    -3.40061         0.020091
    -3.20629         0.271307
    -3.01197          2.43749
    -2.81765          16.2128
    -2.62333          75.6152
    -2.42901           246.14
    -2.23469          543.496
    -2.04037          832.608
    -1.84605          986.405
    -1.65173          1024.15
     -1.4574          984.283
    -1.26308          922.684
    -1.06876          885.315
   -0.874443          870.506
   -0.680122          854.627
   -0.485802          822.227
   -0.291481          763.286
  -0.0971603           695.82
   0.0971603          694.891
    0.291481            761.7
    0.485802          821.854
    0.680122           855.16
    0.874443          871.776
     1.06876          886.925
     1.26308          927.391
      1.4574          988.491
     1.65173          1035.13
     1.84605          986.307
     2.04037          811.382
     2.23469          539.586
     2.42901          251.327
     2.62333           77.599
     2.81765          15.7147
     3.01197          2.09113
     3.20629         0.164437
     3.40061       0.00747426
     3.59493      2.51056e-05
     3.78925                0
     3.98357                0
     4.17789                0
     4.37221                0
     4.56654                0
     4.76086                0
