    -4.74578                0
    -4.55207                0
    -4.35837                0
    -4.16466                0
    -3.97096                0
    -3.77725                0
    -3.58355        0.0001001
    -3.38984       0.00762593
    -3.19614          0.15925
    -3.00243           1.8294
    -2.80872          13.7368
    -2.61502          69.8955
    -2.42131          242.693
    -2.22761          549.608
     -2.0339          839.644
     -1.8402          992.432
    -1.64649             1028
    -1.45279          984.195
    -1.25908          918.862
    -1.06538          883.314
   -0.871673          869.665
   -0.677968          854.525
   -0.484263          823.291
   -0.290558          763.363
  -0.0968526           693.27
   0.0968526          692.639
    0.290558          762.605
    0.484263          823.771
    0.677968          855.019
    0.871673          870.976
     1.06538          885.452
     1.25908          925.557
     1.45279          994.097
     1.64649          1035.73
      1.8402          977.225
      2.0339          827.954
     2.22761          546.933
     2.42131          244.418
     2.61502          72.8328
     2.80872          14.5956
     3.00243          1.80553
     3.19614         0.129584
     3.38984       0.00417752
     3.58355      0.000183298
     3.77725                0
     3.97096                0
     4.16466                0
     4.35837                0
     4.55207                0
     4.74578                0
