-41.1515
-40.9385
-43.1365
-42.6625
-42.3215
-37.1375
-39.987
-42.984
-45.3605
-47.392
-40.7955
-32.2525
-32.1545
-49.4325
-44.273
-46.125
-53.797
-41.738
-34.595
-17.5295
-21.795
-39.7315
-34.076
-29.271
-35.795
-23.609
-32.996
-28.6755
-26.3005
-31.562
-24.0825
-21.274
-31.8645
-30.1055
-20.533
-29.1865
-29.0335
-35.6375
-32.409
-34.2465
-33.81
-32.605
-20.6755
-23.689
-26.896
-26.873
-23.0695
-23.2285
-31.626
-24.884
-35.677
-25.783
-29.118
-33.7455
-32.567
-43.9615
-41.985
-30.2465
-37.8645
-34.992
-48.6155
-47.1365
-32.2915
-58.33
-45.945
-37.1855
-39.089
-52.639
-50.6185
-42.9295
-53.4435
-31.3425
-53.3605
-39.4625
-35.656
-47.8875
-40.983
-36.5005
-40.3015
-33.784
-30.6725
-23.821
-28.7965
-41.6245
-38.2375
-44.236
-35.8925
-40.8745
-40.173
-45.141
-36.7385
-42.0165
-30.743
-42.5645
-25.4005
-26.2095
-31.2965
-32.6945
-46.8885
-46.0365
-46.607
