-39.4365
-45.115
-42.7385
-33.013
-34.8005
-34.768
-28.6775
-37.1635
-34.8515
-29.9275
-33.8855
-39.6695
-39.735
-30.3625
-32.763
-39.2535
-34.4335
-18.3085
-29.5355
-15.7425
-40.8905
-32.1725
-24.5665
-32.3245
-34.3575
-31.5995
-40.8855
-40.0745
-33.178
-34.6365
-38.2145
-36.8055
-35.1335
-29.4905
-40.229
-35.5815
-39.0755
-35.8995
-36.748
-31.4695
-32.042
-29.2495
-19.6485
-27.2215
-27.607
-27.676
-29.462
-38.499
-51.0525
-36.305
-49.8305
-42.4215
-30.0785
-26.1105
-33.9975
-46.1655
-32.843
-44.366
-40.721
-28.018
-39.359
-35.1085
-34.8865
-31.267
-26.3265
-39.1915
-32.7145
-39.242
-32.369
-31.8695
-33.6555
-34.2405
-38.146
-42.9845
-41.5185
-22.3465
-26.44
-18.9185
-25.829
-24.4595
-23.8405
-27.1625
-27.6825
-21.6385
-25.978
-23.604
-30.7735
-26.0815
-19.151
-12.4855
-15.87
-21.2625
-18.862
-36.6295
-31.803
-30.1205
-36.139
-13.1175
-23.814
-16.7855
-25.5135
