-15.261
-10.0115
-11.255
-25.6805
-15.731
-20.3455
-10.927
-7.6325
-5.0695
-13.8835
-18.457
-11.6405
-19.069
-23.525
-23.0185
-10.1885
-9.7425
-24.8185
-15.4945
-24.238
-32.173
-33.977
-28.458
-25.9035
-38.7295
-31.197
-32.8885
-24.517
-14.409
-19.8845
-28.3745
-24.1585
-18.977
-17.2225
-17.358
-7.5735
-17.9515
-17.714
-28.2755
-28.287
-5.417
-5.088
-13.4855
-14.745
-11.7155
-21.559
-9.576
-13.901
-16.047
-22.609
-17.7675
-13.83
-36.2545
-16.6515
-14.3085
-13.3855
-6.5335
-18.19
-27.132
-18.712
-9.147
-13.432
-11.3825
-9.523
-22.443
-14.181
-11.087
-4.9425
-18.884
-5.775
-9.187
-18.1315
-7.452
-16.567
-22.787
-18.045
-18.279
-17.519
-25.642
-15.9245
-27.857
-22.277
-18.4345
-29.2035
-16.819
-22.095
-25.646
-14.84
-18.894
-23.628
-11.402
-20.6295
-17.987
-24.24
-11.705
-26.913
-28.359
-19.9885
-21.9425
-33.927
-20.5535
