-38.2825
-39.3625
-40.0605
-39.0935
-29.6505
-43.8565
-47.3855
-40.173
-39.4815
-33.257
-33.017
-37.322
-37.2695
-37.599
-38.0095
-40.35
-39.904
-32.1535
-47.4955
-46.3515
-45.3345
-39.509
-60.7685
-50.5305
-47.741
-42.6005
-42.2315
-45.0155
-48.3905
-53.238
-49.778
-49.9235
-53.835
-58.8125
-48.839
-61.8515
-62.3695
-50.0105
-46.401
-55.7875
-56.2585
-55.623
-48.738
-52.4325
-53.6695
-53.8645
-53.7815
-43.401
-49.9405
-51.5275
-42.0365
-57.9585
-53.6805
-47.1375
-48.6535
-45.184
-41.8255
-48.5445
-53.69
-48.427
-59.27
-48.1795
-52.1
-49.7495
-56.4625
-48.189
-49.7775
-60.5085
-61.661
-58.036
-62.626
-51.8935
-53.494
-62.4985
-58.5055
-61.2725
-53.073
-57.635
-46.9385
-67.5075
-61.424
-61.358
-59.47
-55.7715
-55.245
-51.8875
-47.845
-58.0405
-44.2105
-66.3225
-50.4015
-54.296
-53.2245
-62.375
-62.743
-66.0845
-56.999
-58.9435
-52.1275
-38.6935
-51.5025
