     -4.8049                0
    -4.60878                0
    -4.41267                0
    -4.21655                0
    -4.02043                0
    -3.82431                0
    -3.62819      0.000499679
    -3.43207        0.0115039
    -3.23596         0.165647
    -3.03984          1.77404
    -2.84372          13.2258
     -2.6476          68.0426
    -2.45148          237.319
    -2.25536          541.804
    -2.05924          839.412
    -1.86313          995.237
    -1.66701          1031.95
    -1.47089          989.365
    -1.27477          922.617
    -1.07865           884.52
   -0.882533          871.603
   -0.686415          856.205
   -0.490296          824.539
   -0.294178          764.871
  -0.0980593          693.661
   0.0980593          689.982
    0.294178          760.498
    0.490296          824.257
    0.686415          856.314
    0.882533          873.268
     1.07865          892.304
     1.27477          926.756
     1.47089          990.609
     1.66701          1029.14
     1.86313          976.365
     2.05924          819.547
     2.25536          539.936
     2.45148          251.634
      2.6476          77.1407
     2.84372          15.2408
     3.03984          1.86364
     3.23596         0.146562
     3.43207        0.0123201
     3.62819      0.000213874
     3.82431                0
     4.02043                0
     4.21655                0
     4.41267                0
     4.60878                0
      4.8049                0
