    -4.68063                0
    -4.48958                0
    -4.29854                0
    -4.10749                0
    -3.91644                0
     -3.7254                0
    -3.53435       5.2331e-05
    -3.34331         0.006823
    -3.15226         0.180344
    -2.96121          2.18567
    -2.77017           15.857
    -2.57912          76.9976
    -2.38808          252.416
    -2.19703           551.14
    -2.00598          831.588
    -1.81494          981.587
    -1.62389          1017.11
    -1.43285          979.692
     -1.2418          917.743
    -1.05075          882.061
   -0.859707          868.389
   -0.668661          852.506
   -0.477615          820.903
   -0.286569          761.344
   -0.095523           697.08
    0.095523          698.556
    0.286569          762.987
    0.477615          821.019
    0.668661          853.437
    0.859707          869.523
     1.05075          887.021
      1.2418          922.572
     1.43285          984.241
     1.62389          1011.62
     1.81494           964.03
     2.00598          820.831
     2.19703          549.678
     2.38808          259.259
     2.57912          83.2042
     2.77017          18.3829
     2.96121          2.74732
     3.15226         0.261821
     3.34331        0.0166968
     3.53435      0.000677448
      3.7254      9.09833e-06
     3.91644                0
     4.10749                0
     4.29854                0
     4.48958                0
     4.68063                0
