-12.4385
-13.845
-0.8685
-15.95
8.6695
-12.8315
-11.4195
-6.7195
-8.274
-14.5395
-11.604
-7.99
-9.254
-15.004
-21.3135
-6.1655
-19.213
-18.477
-19.4005
-13.1175
-8.3005
-9.277
-23.3515
-14.705
-12.852
-6.0115
-19.6515
-24.176
-16.634
-17.3235
-19.352
-20.1535
-29.004
-23.933
-14.426
-9.0505
-5.2645
-11.6845
-18.2285
-7.8075
-17.521
-24.4775
-16.528
-23.195
-15.4865
-20.416
-16.8805
-18.2975
-19.6605
-7.5055
-16.669
-25.9445
-24.1015
-14.943
-19.053
-21.3015
-26.6635
-29.5695
-23.156
-21.2615
-35.051
-24.7515
-20.175
-14.7155
-12.187
-13.076
-8.0755
-6.841
-2.256
-9.9625
-17.104
-25.249
-17.5675
-25.472
-19.401
-16.653
-17.305
-25.346
-25.4245
-21.812
-32.515
-30.0685
-25.736
-26.945
-17.1995
-8.9185
-21.0915
-18.8065
-14.6605
-8.395
-15.6565
-6.719
-15.2185
-13.5665
-2.636
-10.579
-1.32
-15.237
-9.433
-7.11
-8.7835
