-20.213
-4.9905
-15.482
-13.78
-16.17
-7.0845
-7.232
-18.476
-10.232
-4.781
-15.7835
-6.634
-11.6915
-5.6005
-15.668
-20.246
-21.897
-12.4265
-19.4505
-10.9385
-12.694
-10.101
-8.5795
-12.8095
-28.2645
-22.9495
-12.392
-15.2355
-20.864
-18.082
-22.759
-12.62
-8.3595
-14.6885
-17.222
-9.2445
-21.731
-14.244
-0.541
-10.358
-12.0325
-14.041
-10.393
-11.163
-17.849
-19.7275
-11.309
-0.393
-14.667
-8.596
-6.6905
-4.113
-13.113
-20.003
-17.402
-8.392
0.293
-11.4395
-15.0455
-12.7
-6.1855
1.5115
-7.2965
-10.4105
-10.527
-0.19
-16.549
-21.559
-11.001
-14.4475
-13.6195
-12.269
-12.9995
-20.1015
-26.153
-20.3425
3.5335
-15.6915
-1.334
-21.033
-24.0575
-16.7255
-17.518
-6.4485
-18.6135
-12.299
-21.2215
-22.272
-18.4675
-19.9805
-22.7945
-9.246
-15.119
-22.3285
-24.8425
-23.594
-17.688
-20.8515
-42.9425
-17.581
-19.9565
