-29.319
-23.315
-19.486
-6.4335
-15.0795
-11.253
-18.437
-15.608
-16.373
-23.9495
-11.319
-26.939
-25.115
-14.2655
-17.478
-24.5545
-28.179
-22.3475
-13.747
-19.628
-32.965
-20.5655
-16.682
-24.641
-25.924
-28.2005
-20.7305
-18.391
-16.2015
-28.3535
-23.0085
-33.236
-24.1155
-23.685
-30.388
-23.321
-23.6305
-26.0385
-27.098
-28.1885
-19.473
-20.3985
-19.621
-13.156
-26.578
-18.774
-22.362
-16.738
-19.611
-38.393
-20.348
-22.387
-13.254
-19.002
-10.873
-18.179
-8.649
-9.498
-15.15
-7.918
-8.07
-15.2245
-16.784
-15.12
-6.1695
-15.596
-12.461
-15.399
-15.824
-29.73
-25.1325
-11.243
-14.62
-15.958
-14.5895
-11.335
-8.568
-1.754
-6.974
-0.22
-1.828
-8.024
-5.418
-7.061
-1.2815
-13.794
-7.0335
-8.788
-12.676
-12.57
-16.421
-17.5425
-33.802
-14.95
-14.9065
-23.2725
-23.846
-15.662
-18.553
-12.358
-16.196
