-16.259
-21.118
-13.226
-22.2585
-23.0095
-25.028
-28.151
-22.584
-27.121
-29.1195
-37.5805
-23.967
-35.996
-36.0315
-36.872
-37.106
-33.6315
-25.924
-31.99
-35.6735
-26.846
-29.4685
-16.354
-26.858
-29.323
-32.877
-33.91
-29.9665
-30.8275
-23.213
-20.234
-20.153
-30.3235
-28.259
-29.807
-24.159
-18.202
-22.358
-31.894
-22.67
-21.7935
-21.193
-18.504
-19.843
-20.4365
-25.1535
-26.719
-30.331
-25.5705
-23.115
-26.718
-23.2515
-27.957
-29.2895
-26.057
-19.213
-20.708
-21.939
-15.324
-22.42
-29.7935
-29.8695
-27.981
-38.2025
-34.51
-30.8895
-37.324
-29.557
-31.3365
-27.709
-31.9425
-33.2375
-33.0155
-45.7735
-40.831
-29.099
-28.4275
-33.7715
-29.359
-35.5825
-22.793
-28.5935
-27.5935
-33.8745
-28.6615
-35.897
-28.3385
-26.263
-25.0285
-27.6535
-23.7105
-25.7465
-23.48
-28.7965
-21.353
-27.411
-27.4565
-28.017
-28.272
-22.336
-23.3935
