    -4.73637                0
    -4.54305                0
    -4.34973                0
    -4.15641                0
    -3.96309                0
    -3.76977                0
    -3.57644      0.000372739
    -3.38312        0.0158775
     -3.1898          0.22297
    -2.99648          2.14894
    -2.80316          15.0865
    -2.60984          73.4847
    -2.41652          247.011
     -2.2232          548.843
    -2.02987           834.18
    -1.83655          985.151
    -1.64323          1023.52
    -1.44991          982.295
    -1.25659          919.699
    -1.06327          884.447
   -0.869946          870.365
   -0.676625          853.957
   -0.483303          821.943
   -0.289982          762.123
  -0.0966607           694.67
   0.0966607          695.593
    0.289982          763.078
    0.483303          823.101
    0.676625          855.557
    0.869946          870.869
     1.06327          886.172
     1.25659          923.451
     1.44991           986.69
     1.64323          1021.31
     1.83655          975.823
     2.02987          819.081
      2.2232          542.963
     2.41652          254.731
     2.60984          80.8011
     2.80316          17.2632
     2.99648          2.46389
      3.1898         0.222819
     3.38312        0.0123815
     3.57644      0.000379312
     3.76977                0
     3.96309                0
     4.15641                0
     4.34973                0
     4.54305                0
     4.73637                0
