-20.3265
-16.9225
-20.133
-15.51
-15.4835
-25.211
-25.638
-30.5175
-29.798
-15.8525
-21.023
-22.188
-25.829
-16.013
-16.573
-12.664
-12.7765
-16.858
-18.65
-17.139
-17.813
-10.5305
-8.812
-20.252
-16.48
-18.0475
-11.68
-21.6105
-11.036
-13.182
-19.5555
-12.425
-17.598
-17.6885
-22.362
-22.9175
-23.509
-25.032
-19.0915
-28.3435
-22.243
-21.283
-15.281
-10.466
-8.9185
-18.0675
-11.3235
-1.336
-16.552
-19.187
-20.83
-14.89
-16.4875
-21.175
-25.5755
-20.475
-29.1335
-24.824
-21.017
-20.295
-24.002
-21.851
-18.214
-20.0845
-23.6275
-21.07
-21.8665
-21.7675
-20.5495
-25.5475
-25.228
-26.3345
-22.44
-18.147
-24.0415
-25.831
-18.5635
-13.87
-21.3565
-20.0425
-22.8355
-22.67
-17.558
-16.616
-17.4125
-21.578
-15.5255
-15.847
-18.239
-18.8365
-17.2025
-30.4045
-25.8445
-26.5305
-18.3375
-20.938
-30.739
-23.571
-31.563
-33.9305
-25.7965
