-4.798
-11.996
-5.055
-3.808
-7.436
-9.027
-4.655
-8.751
-9.07
-10.091
-8.371
-10.546
-9.35
-13.551
-10.249
-14.716
-12.628
-10.344
-8.35
-10.94
-17.549
-18.819
-13.461
-20.195
-11.693
-18.463
-10.506
-9.108
-10.6845
-8.542
-9.661
-8.207
-8.521
-8.379
-10.098
-10.961
-13.712
-10.689
-16.498
-11.169
-22.593
-17.423
-13.938
-11.3
-9.674
-8.118
-6.6695
-10.307
-9.601
-13.194
-13.361
-11.924
-8.094
-7.92
-5.693
-7.358
-6.9255
-5.904
-6.594
-12.535
-8.342
-10.458
-1.457
-13.494
-12.926
-7.834
-5.026
-9.982
-3.42
-7.867
-12.299
-15.702
-1.528
-5.614
-7.163
-5.899
-9.523
-11.124
-10.319
-8.318
-7.497
-9.409
-8.356
-10.328
-13.247
-13.995
-13.468
-10.579
-5.305
-4.115
-11.639
-10.312
-9.507
-4.835
-7.27
-6.835
-10.482
-11.3315
-7.328
-10.625
-8.552
