-12.443
-7.047
-10.44
-13.999
-13.166
-10.118
-9.323
-13.426
-12.029
-7.052
-8.34
-8.9925
-2.468
-8.674
-4.016
-9.05
-0.117
-4.7585
-10.28
-7.665
-7.794
-12.634
-11.732
-11.414
-14.404
-3.1695
-3.945
-15.426
-12.941
-8.227
-9.117
-10.281
-10.863
-6.041
-14.726
-12.013
-9.5475
-7.574
-5.152
-8.436
-6.928
-9.028
-9.962
-9.285
-19.833
-12.579
-4.7485
-18.8685
-19.077
-20.742
-8.2595
-24.4855
-17.924
-16.647
-13.541
-17.436
-15.071
-13.493
-17.046
-11.362
-15.612
-11.971
-13.5245
-18.954
-15.654
-19.0
-9.906
-16.618
-9.618
-18.099
-10.3945
-14.732
-8.969
-21.2695
-16.718
-14.044
-7.831
-20.517
-10.76
-12.349
-17.754
-10.95
-16.398
-18.3565
-13.485
-12.358
-5.532
-13.3805
-19.622
-19.989
-20.487
-17.159
-22.012
-14.884
-10.2345
-6.073
-25.086
-18.828
-18.965
-9.9975
-12.952
