-10.648
-17.734
-11.385
-11.271
-5.3285
-11.186
-11.5815
-13.1545
-7.133
-10.32
-11.97
-13.127
-10.067
-7.558
-19.209
-7.4705
-5.1145
-13.059
-8.085
-13.204
-10.06
-16.104
-3.2755
-9.041
-11.8605
-16.641
-13.4385
-8.675
-19.188
-17.4065
-4.6775
-7.021
-5.614
-3.004
-0.7025
-12.469
-5.931
-8.477
-13.49
-4.074
-12.8185
-1.751
-9.257
-6.612
-10.963
-9.226
-15.185
-11.608
-16.0335
-10.4135
-12.852
-8.614
-11.987
-13.788
-7.202
-14.325
-7.53
-7.413
-6.3465
-10.646
-13.392
-12.288
-9.0955
-11.848
-16.815
-15.69
-16.654
-16.222
-3.608
-11.85
-6.884
-9.2895
-6.547
-12.3825
-8.261
-9.764
-11.055
-13.602
-15.62
-3.7425
-7.441
-13.9585
-13.03
-6.1195
-6.452
-5.969
-4.654
-8.041
-8.612
-13.809
-9.41
-6.644
-6.455
-2.961
-10.533
-17.507
-12.3645
-14.3615
-14.987
-14.702
-14.089
