-13.185
-16.399
-8.44
-12.94
-10.294
-16.805
-16.548
-17.974
-19.7355
-15.948
-6.752
-8.423
-15.107
-9.716
-18.4755
-16.817
-19.669
-23.363
-21.909
-24.5075
-32.627
-27.2785
-33.737
-33.7735
-25.978
-20.237
-28.055
-24.9365
-31.824
-20.947
-21.399
-25.039
-31.55
-24.951
-20.068
-23.7095
-23.477
-22.344
-23.799
-15.5275
-22.598
-9.712
-10.875
-23.219
-15.476
-16.559
-16.551
-18.818
-15.98
-17.0465
-9.315
-20.449
-16.2945
-21.266
-14.427
-12.739
-12.969
-13.138
-15.045
-18.2485
-19.579
-9.806
-21.2605
-14.1805
-10.778
-13.44
-11.754
-11.966
-4.703
-10.773
-10.8175
-19.705
-15.544
-14.348
-8.7255
-8.6345
-15.913
-12.205
-11.546
-11.998
-21.971
-18.537
-23.393
-29.783
-12.7615
-18.594
-22.493
-22.851
-10.278
-32.092
-27.1105
-23.964
-22.523
-19.6085
-22.6225
-18.466
-19.5935
-24.4835
-18.0005
-28.1675
-18.5535
