-19.698
-7.816
-14.372
-11.7015
-13.317
-10.695
-12.124
-20.3715
-12.5155
-14.942
-8.947
-13.126
-19.4975
-13.5495
-14.6385
-11.186
-20.809
-20.4885
-18.546
-17.079
-10.1415
-23.8385
-17.457
-14.0495
-17.171
-26.473
-25.866
-18.6965
-23.381
-17.6715
-17.6175
-23.219
-18.363
-13.51
-7.6435
-19.1845
-20.83
-8.938
-12.808
-19.094
-19.839
-28.456
-20.792
-16.372
-24.917
-21.6755
-17.707
-27.831
-22.327
-18.908
-24.2875
-18.2085
-15.342
-16.698
-15.2625
-19.09
-13.698
-17.0725
-13.2305
-6.812
-7.748
-11.8655
-11.556
-11.2515
-11.792
-14.2965
-21.781
-13.673
-12.222
-14.215
-19.488
-13.432
-9.165
-11.253
-3.461
-9.709
-9.589
-7.5545
-14.47
-15.015
-13.136
-12.79
-11.376
-10.6275
-5.365
-7.264
-14.155
-8.389
-11.639
-5.069
-4.592
-6.603
-9.674
-8.545
-6.086
-6.358
-7.0415
-6.06
-12.11
-0.681
-7.115
