-29.548
-32.649
-23.6605
-26.6865
-23.8935
-23.799
-26.542
-22.476
-20.458
-21.487
-17.4615
-25.3295
-29.136
-25.6335
-23.734
-22.705
-27.17
-29.5605
-24.8085
-19.1165
-25.703
-24.4045
-25.746
-26.3015
-20.7815
-26.1195
-22.41
-29.2475
-24.9015
-20.135
-20.137
-25.547
-23.0655
-27.0205
-23.952
-18.766
-20.918
-18.564
-17.835
-29.3085
-33.2565
-27.5705
-22.3905
-32.371
-29.432
-21.95
-25.386
-30.1305
-23.1035
-30.2865
-29.207
-25.4135
-26.165
-28.4765
-26.592
-17.3765
-27.715
-25.3815
-29.6575
-30.699
-26.928
-31.907
-30.1385
-30.8795
-28.1085
-27.5535
-29.2355
-23.074
-27.4235
-26.1815
-24.5485
-23.767
-25.2155
-32.4545
-40.3855
-30.2195
-27.722
-32.964
-25.0635
-26.0985
-26.2605
-36.233
-33.144
-32.2005
-21.5235
-24.1975
-27.603
-26.0225
-24.6555
-32.1285
-26.651
-23.8495
-21.5155
-18.8655
-15.062
-16.7595
-23.6635
-11.8555
-16.1435
-29.8995
-25.872
