-16.8105
-19.926
-15.3465
-15.405
-9.671
-20.407
-23.674
-9.556
-15.415
-10.018
-16.736
-16.42
-27.113
-14.08
-10.8635
-14.013
-13.893
-4.976
-21.156
-10.3435
-13.403
-16.573
-12.361
-8.715
-17.94
-17.136
-16.561
-15.246
-9.277
-18.574
-19.006
-18.089
-13.2875
-18.121
-14.649
-20.42
-21.327
-13.155
-14.875
-19.7035
-19.325
-17.921
-22.826
-14.4055
-14.986
-5.431
-8.063
-13.747
-13.01
-8.733
-11.608
-12.653
-10.243
-13.5875
-9.128
-16.7935
-15.3225
-8.8315
-9.523
-20.374
-20.4395
-15.7775
-19.791
-19.503
-22.559
-24.4475
-22.1945
-17.522
-11.83
-15.836
-9.037
-17.2205
-14.407
-14.697
-18.774
-15.053
-9.982
-17.852
-11.767
-7.827
-18.0525
-20.185
-6.9395
-6.4055
-18.8005
-17.681
-7.661
-16.1355
-12.7855
-18.776
-14.173
-18.857
-13.506
-13.775
-14.3545
-10.1305
-15.699
-21.604
-6.1115
-13.034
-8.416
