-34.8095
-25.263
-27.0765
-21.3645
-15.8065
-30.1945
-24.146
-37.4975
-35.7365
-38.292
-32.7035
-21.687
-25.026
-32.8915
-33.4685
-22.306
-24.627
-23.831
-27.1165
-24.9175
-35.879
-33.8585
-29.2815
-32.6175
-39.0365
-25.0575
-24.123
-34.13
-21.9415
-27.738
-20.262
-17.3365
-26.7005
-31.0835
-24.8885
-27.4805
-36.6525
-31.869
-42.5685
-30.86
-35.8835
-34.074
-43.3645
-30.5815
-38.2445
-36.0425
-34.3405
-34.4765
-33.739
-36.384
-19.4975
-27.8085
-37.674
-43.9595
-34.2565
-35.0305
-38.583
-30.629
-36.65
-27.209
-39.1015
-41.7765
-26.67
-30.7665
-28.4545
-42.6185
-34.9535
-30.669
-34.768
-31.5995
-37.0965
-36.0755
-43.162
-29.1545
-29.584
-36.9125
-40.4735
-34.6545
-42.0715
-41.6025
-44.069
-45.4805
-48.1555
-31.9815
-41.955
-49.266
-45.598
-42.414
-36.218
-49.092
-39.5205
-26.4875
-35.879
-34.455
-43.632
-34.768
-36.4505
-28.4735
-34.0645
-30.3835
-31.092
