-5.0355
-12.499
-10.534
-12.181
-9.663
-7.732
-8.1885
-3.476
-8.1765
-9.579
-16.118
-6.3825
-5.616
-9.803
-17.514
-21.413
-20.868
-22.05
-9.7565
-19.013
-12.019
-9.3705
-16.811
-13.039
-18.395
-7.664
-10.6055
-9.573
-12.399
-10.3215
-15.506
-12.1285
-4.955
-13.633
-13.766
-11.501
-13.549
-17.425
-16.356
-14.139
-12.953
-10.604
-8.508
-18.404
-15.856
-10.493
-8.99
-10.75
-16.4075
-12.076
-13.36
-5.728
-9.141
-11.632
-3.021
-17.528
-11.81
-15.073
-15.732
-18.9685
-19.851
-10.068
-13.067
-8.254
-7.779
-11.566
-6.958
-16.224
-11.352
-4.011
-14.188
-9.8795
-9.7075
-12.136
-8.109
-13.4095
-16.28
-15.572
-12.446
-14.288
-9.07
-3.477
-11.266
-9.145
-11.253
-12.898
-16.971
-10.464
-3.497
-9.21
-9.992
-15.318
-15.909
-12.138
-6.4435
-15.432
-8.26
-18.619
-17.642
-10.533
-11.0435
