-13.0295
-18.223
-2.6895
-5.062
-9.262
-3.8805
-13.905
-9.8735
-11.422
-10.826
-8.102
-7.867
-7.0175
-12.414
-4.619
-3.2675
-19.5495
-16.8135
-22.404
-26.687
-21.948
-20.2965
-16.051
-19.148
-17.1415
-21.891
-10.8695
-15.014
-15.417
-8.4755
-29.7915
-19.69
-7.5105
-13.409
-15.3965
-12.0215
-14.9365
-15.566
-15.648
-14.772
-16.4515
-7.0185
-14.2685
-13.066
-18.3355
-22.9
-6.9285
-9.212
-13.8575
-23.7175
-15.5395
-31.034
-24.719
-26.49
-23.657
-28.909
-20.425
-26.187
-19.7135
-14.455
-17.6825
-7.0165
-12.3545
-10.405
-12.616
-15.441
-14.0095
-9.923
-12.739
-13.4025
-18.038
-6.5715
-13.71
-11.336
-21.113
-22.166
-12.23
-16.229
-15.1355
-14.552
-18.5325
-27.6705
-8.777
-13.909
-14.828
-22.271
-20.882
-18.302
-17.2075
-26.145
-16.564
-19.8025
-23.939
-16.071
-26.402
-26.7235
-19.0355
-30.71
-23.8945
-19.779
-30.313
