1.471
-6.716
-18.2625
-13.7925
-14.4105
-5.509
-6.437
-6.1835
-3.4625
-8.554
-5.498
-16.874
-9.6485
-11.039
-16.4725
-24.089
-13.267
-16.068
-28.757
-16.787
-12.223
-5.7015
-17.997
-10.539
-8.737
-7.883
-8.977
-15.4565
-6.204
-8.3465
-16.453
-11.1215
-23.1265
-20.9865
-11.338
-14.3945
-23.559
-26.4195
-24.3995
-11.906
-9.4285
-4.454
-12.9725
-8.005
-15.197
-4.5755
-13.5885
-17.896
-6.7595
-6.2405
-15.964
-3.2125
1.065
-6.864
-9.228
-8.076
-7.903
-11.209
-4.63
-9.0395
-15.775
-20.5495
-16.828
-15.987
-12.8035
-16.4565
-17.564
-16.841
-27.1625
-19.951
-23.37
-28.4705
-19.1805
-5.728
-15.093
-19.218
-14.099
-18.559
-22.1205
-19.674
-18.5645
-13.238
-16.292
-17.7635
-26.686
-22.8605
-25.852
-16.325
-17.3905
-15.246
-21.7045
-19.709
-18.777
-12.686
-20.0305
-5.527
-14.788
-12.063
-10.3745
-9.5575
-14.032
