-30.088
-29.229
-25.229
-25.165
-28.657
-21.303
-23.55
-26.058
-18.7335
-16.996
-22.7135
-25.237
-26.2275
-25.336
-29.519
-18.378
-30.902
-16.431
-21.903
-21.2255
-22.199
-21.202
-23.762
-25.6015
-18.87
-25.691
-28.2475
-16.707
-16.177
-21.536
-14.409
-11.649
-19.129
-21.6995
-19.2555
-14.972
-20.9535
-20.467
-16.925
-19.0725
-14.8
-11.858
-17.163
-17.367
-15.635
-12.2245
-11.328
-13.2045
-14.19
-14.5825
-15.557
-17.411
-11.928
-22.0735
-17.798
-18.1545
-14.659
-9.011
-9.485
-13.103
-13.91
-9.122
-9.752
-15.981
-18.6925
-15.9685
-19.976
-11.0485
-19.494
-14.177
-12.188
-11.052
-11.5935
-14.922
-15.372
-10.816
-7.219
-13.454
-15.3525
-11.7005
-8.3535
-13.225
-8.772
-14.2645
-15.843
-8.0
-12.414
-16.23
-10.5255
-4.2065
-8.836
-12.2035
-13.108
-22.909
-13.925
-12.3905
-10.579
-13.7975
-7.0995
-7.408
-17.712
