-16.025
-4.8415
-13.639
-11.074
-15.373
-7.631
-14.526
-5.38
-1.889
-12.399
-7.312
-0.5655
-8.7315
-9.4915
-14.263
-8.021
-18.045
-17.826
-8.2465
-22.214
-15.873
-18.0195
-15.4915
-15.698
-11.0605
-4.992
-11.218
-16.725
-14.075
-12.7235
-14.7765
-0.964
-3.424
0.3285
-5.636
-5.5445
-0.6685
0.241
-4.1645
-0.414
-7.5675
-8.277
-2.7735
-18.0295
-18.977
-14.5215
-22.5645
-14.3755
-13.742
-12.297
-10.887
-14.696
-13.203
-15.551
-19.289
-10.381
-9.5255
-15.468
-1.9645
-16.234
-7.787
-13.3105
-19.2525
-0.145
-10.816
-10.267
-16.863
-8.006
-6.043
-5.7355
-8.5575
-4.835
-7.868
-7.3745
-8.18
-4.6305
-7.223
-7.586
0.9495
-11.519
-10.499
-15.212
-11.4135
-6.708
-0.431
-1.7955
-6.0755
-2.1815
-7.262
-20.4055
-11.0925
-12.409
-17.818
-6.974
2.1665
-7.4585
-13.88
-19.933
-8.7255
-23.7
-6.6345
