-21.449
-22.736
-17.596
-9.319
-11.0315
-11.734
-6.6835
-3.773
-16.976
-5.64
-29.454
-26.275
-22.735
-10.659
-12.044
-8.386
-17.367
-10.946
-12.121
-4.915
-13.294
-9.112
-13.145
-25.964
-16.9375
-23.5635
-13.329
-20.9775
-25.213
-21.204
-25.7665
-21.673
-25.019
-17.029
-25.149
-20.692
-15.317
-32.5655
-17.736
-18.336
-21.0495
-20.6785
-21.6835
-13.5825
-14.9075
-17.244
-7.1425
-12.3595
-14.796
-19.3915
-15.8755
-18.855
-18.711
-7.225
-12.278
-10.916
-18.8545
-17.0775
-2.802
-4.31
-18.132
-15.618
-25.503
-18.22
-15.323
-15.2635
-17.5555
-20.703
-12.136
-16.381
-14.326
-13.5735
-18.855
-7.025
-15.3475
-4.8795
-8.447
-17.21
-18.8775
-8.289
-8.2825
-5.8845
-13.5215
-23.49
-14.077
-8.959
-12.961
-13.2915
-28.8975
-28.2925
-31.7515
-19.655
-18.665
-8.938
-6.3375
-16.094
-11.419
-14.528
-14.0935
-17.39
-18.3915
