-2.578
-3.672
-9.7295
-6.859
-0.526
-3.0565
-1.9875
-7.5955
-11.9275
-5.4885
-12.713
-12.8785
-11.982
-13.504
-20.4565
-14.0405
-14.564
-6.857
-9.6175
-26.175
-6.0345
-1.452
-13.746
-8.3
-7.323
-12.426
-10.2495
-17.8105
-6.834
-12.625
-20.21
-9.592
-8.1865
-9.377
-7.7465
0.268
-11.851
-4.574
-7.0035
-19.7025
-11.144
-3.4605
0.1195
1.585
-7.885
-5.4825
-9.2075
1.021
-0.09
-8.2505
-6.191
1.28
2.2895
-2.225
7.763
4.6585
-3.995
-8.7725
-0.1475
-0.251
5.877
-0.645
-2.267
-5.3755
7.243
0.1685
-5.826
-1.77
-13.755
-13.084
-7.071
-24.92
-17.5795
-9.8795
-11.3985
-13.2495
-13.3325
3.559
-1.2945
-7.8185
-17.8865
-19.4
-27.4785
-6.298
-4.8615
-5.5375
-15.1955
-12.854
-8.8075
-11.6905
-1.079
-15.6835
-14.3905
-12.5845
-11.8185
-10.4895
-28.763
-9.861
-15.329
-22.5
-13.711
