-0.5894    -2.6359    -0.9720    -3.6657    -1.9833    -0.7163    -2.0484    -2.0447    -0.8405    -0.6893    -4.6004    -0.7050    -1.4267    -0.9550    -0.5620    
-2.1461    -0.3524    -0.4789    -2.5496    -1.4081    -0.7157    -4.3554    -2.3887    -1.0305    -1.0326    -4.6149    -0.8120    -1.4883    -0.9450    -0.7230    
-0.7097    -0.6820    -0.3306    -1.5671    -0.7515    -0.5018    -2.3419    -2.4696    -0.8122    -0.9930    -4.0027    -0.6990    -2.1163    -1.3630    -0.5530    
-0.5478    -0.2440    -0.1680    -1.2570    -0.9348    -0.7330    -2.7931    -2.1560    -0.8920    -1.2480    -3.4531    -0.7240    -2.3085    -1.0152    -0.4591    
-0.5027    -0.5081    -0.3172    -0.9450    -1.0937    -1.2330    -3.4712    -1.8200    -0.9787    -1.2186    -3.9445    -0.9630    -3.2836    -0.7650    -0.5333    
-0.5102    -0.0299    10.5079    -1.9439    -1.0790    -1.1000    -2.4491    -2.3540    -1.4610    -1.8360    -3.0370    -0.9140    -1.1575    -0.6198    -0.5100    
-0.2289    0.1013     0.1074     -1.7238    -1.0373    -1.1000    -2.8340    -2.1571    -1.0894    -1.5230    -3.2543    -0.9680    -1.6741    -0.5210    -0.2690    
-1.0681    -0.5090    -0.3330    -2.5055    -1.3030    -1.2150    -3.3480    -2.2400    -1.2291    -1.5360    -3.5821    -0.7930    -1.5914    -0.7070    -0.5830    
-0.1526    0.4703     2.3091     -0.7740    -0.1352    -1.0653    -4.2070    -1.8150    -1.3139    -2.2760    -4.4290    -0.9090    -2.1600    -1.0790    -0.6340    
-0.6632    1.5834     -0.8855    -0.9172    -1.0020    -1.1690    -3.8613    -2.1810    -1.3355    -1.5006    -2.8667    -0.7130    -0.9313    -0.5260    -0.3823    
-0.1836    -2.7359    2.5918     -1.7762    -1.6991    -0.9083    -4.2807    -2.3280    -1.2372    -1.6550    -3.8818    -0.9590    -2.7869    -0.7110    -0.6570    
-0.1430    0.9956     -0.1936    -2.8721    -1.3901    -1.4960    -2.8247    -1.6670    -1.0987    -1.1991    -3.1061    -0.8800    -2.0560    -0.6300    -0.4619    
