2.3248     -0.6476    -2.4453    -2.1422    -1.7621    -2.1197    -2.9429    -0.8940    -0.8871    -1.0211    -2.4683    -0.5819    -1.0051    -0.3280    -0.3471    
1.4177     -2.0007    -2.0844    -2.2444    -2.0317    -2.0710    -2.4329    -1.1850    -1.0923    -0.9617    -2.4050    -0.4990    -0.6738    -0.3488    -0.3521    
-3.1892    -2.1148    -2.0383    -2.3678    -1.7699    -1.3278    -2.2196    -1.2500    -0.8868    -0.7995    -2.7180    -0.4840    -1.4633    -0.7550    -0.4908    
-1.6939    -1.9906    -1.7967    -3.3790    -1.8236    -1.7510    -4.0426    -1.2210    -0.9844    -1.0503    -2.0021    -0.6726    -0.9320    -0.7250    -0.7486    
-2.9562    -2.2440    -1.9620    -2.4223    -1.7141    -1.9525    -4.5234    -1.1070    -1.1037    -1.1379    -4.2046    -0.7824    -1.1816    -0.7920    -0.4668    
-1.0255    -2.3205    -1.6783    -3.2911    -1.9469    -1.4476    -4.2829    -1.5885    -1.2084    -1.0687    -4.1166    -0.8971    -0.8776    -0.8330    -0.5350    
-1.0424    -1.6190    -1.5535    -0.2352    -1.7450    -1.6314    -2.1624    -1.1490    -1.0931    -1.3330    -2.8360    -0.8180    -1.9718    -0.8740    -0.5734    
-1.7434    -1.8843    -1.7047    -2.9400    -1.7667    -1.9716    -3.4224    -1.1120    -0.9594    -1.0376    -2.9957    -0.6660    -1.1109    -0.6264    -0.4354    
-0.7419    -1.7189    -1.7455    -2.7947    -1.7698    -1.9723    -3.3802    -1.1090    -1.0310    -1.0124    -3.0830    -0.6590    -2.5087    -0.5350    -0.4185    
-0.5719    -2.0410    -1.1807    -2.9669    -1.6609    -1.5633    -2.9936    -1.1874    -0.9816    -1.3932    -2.5876    -0.7500    -1.8334    -0.7340    -0.8485    
-1.8756    -1.9337    -1.8686    -2.8374    -1.5905    -1.6703    -2.8737    -1.1432    -1.0444    -1.2675    -2.4171    -0.6055    -0.7463    -0.4450    -0.3793    
-1.4000    -1.6257    -1.9959    -2.5532    -1.6768    -2.5721    -3.2980    -1.1720    -1.2981    -1.7497    -2.5206    -0.6344    -0.6010    -0.7060    -0.7247    
