-16.3505
-20.8705
-15.9725
-5.4825
-26.2695
-17.6965
-15.0885
-29.2835
-28.531
-36.2445
-16.392
-23.4575
-32.3205
-20.9955
-34.3985
-22.821
-31.3335
-38.431
-38.547
-35.3795
-30.3635
-15.3825
-25.5435
-23.6865
-23.8175
-19.5735
-19.7025
-15.6065
-15.1635
-16.7365
-19.6635
-16.4995
-19.3775
-17.708
-24.3545
-22.571
-21.8215
-27.588
-32.2345
-33.1245
-27.5235
-19.7365
-16.933
-21.5005
-22.9925
-18.9165
-25.573
-29.433
-25.566
-25.2855
-26.8775
-36.059
-32.7465
-28.2815
-31.6675
-24.6695
-28.5675
-24.8185
-31.551
-41.263
-27.431
-20.5295
-22.7005
-25.6935
-24.137
-29.528
-30.9725
-28.003
-30.688
-24.3565
-27.0515
-29.0445
-29.475
-28.7345
-31.8555
-30.288
-30.6235
-27.9365
-24.254
-27.6255
-28.8555
-27.7545
-27.8645
-21.9255
-26.005
-23.1015
-32.1275
-23.8585
-23.3495
-34.9235
-38.1265
-21.0745
-20.9865
-20.654
-24.638
-30.6175
-32.3445
-29.719
-22.144
-31.7195
-27.2175
