-28.712
-18.0925
-11.203
-17.9935
-11.3085
-6.497
-10.177
-12.424
-14.8635
-11.975
-11.746
-13.909
-14.9455
-16.6385
-13.4855
-17.1365
-21.673
-19.818
-15.958
-14.0435
-23.291
-19.3975
-25.2065
-18.7345
-19.756
-23.46
-15.7145
-13.539
-10.4785
-10.7605
-21.5755
-24.419
-13.3385
-13.4645
-14.4835
-20.3535
-18.5115
-11.9675
-16.018
-21.6365
-24.7595
-20.0215
-12.277
-20.82
-23.62
-19.726
-9.248
-13.735
-7.7785
-12.594
-8.338
-10.3685
-16.017
-6.601
-7.416
-15.1595
-11.2535
-17.248
-18.994
-18.023
-15.403
-19.233
-11.7065
-9.6535
-11.6945
-13.428
-24.66
-10.873
-9.8645
-14.732
-11.199
-5.194
-9.5615
-11.6445
-25.3725
-25.748
-16.6975
-26.869
-26.3545
-24.3615
-27.2425
-17.341
-22.176
-16.652
-16.5685
-17.467
-23.6315
-15.7155
-13.156
-17.17
-23.659
-22.362
-16.701
-14.12
-8.1655
-11.487
1.978
-9.099
-4.812
-13.162
-12.697
