-10.105
-10.896
-16.1945
-16.9705
-17.399
-10.334
-11.962
-7.3025
-11.5365
-12.7785
-14.4745
-20.279
-9.4175
-5.5705
-12.042
-10.564
-17.6055
-14.443
-13.1465
-6.765
-19.025
-11.4125
-15.1
-10.146
-11.9475
-5.3115
-14.016
-12.5765
-23.969
-12.934
-11.262
-20.6935
-11.8
-19.9305
-17.757
-10.7585
-16.426
-12.1325
-14.296
-12.3385
-17.8635
-18.019
-13.677
-24.6685
-29.8365
-14.993
-28.1605
-16.331
-21.0655
-27.2185
-31.1395
-26.2925
-18.8065
-18.911
-23.898
-32.4325
-11.2945
-15.6195
-18.4005
-14.8665
-25.064
-22.013
-19.9145
-32.8565
-24.4555
-17.166
-11.5135
-8.2315
-17.7395
-14.492
-16.2845
-12.8635
-30.7695
-16.2425
-33.9485
-22.5835
-20.776
-39.0225
-36.4395
-27.1695
-27.9145
-21.5335
-30.263
-31.9645
-36.0
-29.04
-21.5095
-34.2755
-26.5995
-36.1895
-27.443
-29.76
-19.8
-12.031
-15.7395
-10.0295
-23.525
-33.1435
-26.793
-22.4275
-28.3465
