-37.789
-37.3785
-39.6515
-32.2975
-29.2755
-30.2655
-27.2355
-37.8025
-36.169
-35.9005
-38.69
-36.805
-39.6395
-31.0895
-39.9825
-29.1185
-36.5515
-24.366
-28.82
-29.225
-31.782
-37.6405
-27.027
-31.295
-34.256
-27.5805
-37.566
-30.4995
-32.657
-22.8865
-30.9265
-45.328
-22.6335
-29.4205
-37.52
-35.53
-33.657
-37.817
-29.6955
-25.169
-26.525
-27.655
-33.775
-33.219
-44.973
-38.005
-42.824
-35.9065
-38.9005
-31.194
-37.227
-32.221
-45.2785
-27.9765
-19.416
-33.275
-20.5525
-24.0235
-32.889
-26.321
-19.877
-19.779
-16.775
-26.349
-30.458
-17.9515
-32.605
-28.73
-26.6875
-30.1365
-28.2185
-31.211
-29.031
-27.2765
-40.282
-32.148
-22.9325
-31.896
-18.672
-39.611
-33.892
-33.44
-40.111
-31.5795
-34.8145
-47.57
-39.1285
-31.837
-30.4495
-30.455
-45.7315
-44.6425
-33.0115
-42.7165
-41.289
-45.831
-42.8215
-43.9695
-45.8275
-52.9885
-44.453
